7.763686359008719921e+08 -2.089503221213817596e-02 1.477501913905143738e-02
7.763687359008719921e+08 2.484566299244761467e-03 1.709799282252788544e-02
7.763688359008719921e+08 0.000000000000000000e+00 0.000000000000000000e+00
7.763689359008719921e+08 2.475193468853831291e-03 1.703349128365516663e-02
7.763690359008719921e+08 6.795634049922227859e-03 1.657118462026119232e-02
7.763693359008719921e+08 3.814627602696418762e-02 3.814627602696418762e-02
7.763694359008719921e+08 -4.253616090863943100e-03 4.253616090863943100e-03
7.763695359008719921e+08 0.000000000000000000e+00 0.000000000000000000e+00
7.763696359008719921e+08 0.000000000000000000e+00 0.000000000000000000e+00
7.763697359008719921e+08 0.000000000000000000e+00 0.000000000000000000e+00
7.763698359008719921e+08 -4.228033125400543213e-03 4.228033125400543213e-03
7.763699359008719921e+08 0.000000000000000000e+00 0.000000000000000000e+00
7.763700359008719921e+08 0.000000000000000000e+00 0.000000000000000000e+00
7.763701359008719921e+08 -4.267332144081592560e-03 4.267332144081592560e-03
7.763702359008719921e+08 -4.314458463340997696e-03 4.314458463340997696e-03
7.763703359008719921e+08 0.000000000000000000e+00 0.000000000000000000e+00
7.763704359008719921e+08 -4.248183686286211014e-03 4.248183686286211014e-03
7.763705359008719921e+08 -4.238984547555446625e-03 4.238984547555446625e-03
7.763706359008719921e+08 1.506136823445558548e-02 1.506136823445558548e-02
7.763707359008719921e+08 0.000000000000000000e+00 0.000000000000000000e+00
7.763708359008719921e+08 1.521420478820800781e-02 1.521420478820800781e-02
7.763709359008719921e+08 -8.540280163288116455e-03 6.038890220224857330e-03
7.763710359008719921e+08 0.000000000000000000e+00 0.000000000000000000e+00
7.763711359008719921e+08 1.515962556004524231e-02 1.515962556004524231e-02
7.763712359008719921e+08 1.096760015934705734e-02 1.580606400966644287e-02
7.763713359008719921e+08 1.517441868782043457e-02 1.517441868782043457e-02
7.763714359008719921e+08 0.000000000000000000e+00 0.000000000000000000e+00
7.763715359008719921e+08 0.000000000000000000e+00 0.000000000000000000e+00
7.763716359008719921e+08 -4.217807669192552567e-03 4.217807669192552567e-03
7.763717359008719921e+08 1.543161831796169281e-02 1.543161831796169281e-02
7.763718359008719921e+08 2.655120566487312317e-02 2.224694192409515381e-02
7.763719359008719921e+08 0.000000000000000000e+00 0.000000000000000000e+00
7.763720359008719921e+08 -4.215224180370569229e-03 4.215224180370569229e-03
7.763721359008719921e+08 -8.442936465144157410e-03 5.970058031380176544e-03
7.763722359008719921e+08 -4.242900293320417404e-03 4.242900293320417404e-03
7.763723359008719921e+08 1.510190498083829880e-02 1.510190498083829880e-02
7.763724359008719921e+08 1.530232839286327362e-02 1.530232839286327362e-02
7.763725359008719921e+08 0.000000000000000000e+00 0.000000000000000000e+00
7.763726359008719921e+08 0.000000000000000000e+00 0.000000000000000000e+00
7.763727359008719921e+08 -4.216237924993038177e-03 4.216237924993038177e-03
7.763728359008719921e+08 1.507731247693300247e-02 1.507731247693300247e-02
7.763729359008719921e+08 0.000000000000000000e+00 0.000000000000000000e+00
7.763730359008719921e+08 0.000000000000000000e+00 0.000000000000000000e+00
7.763731359008719921e+08 -4.262258764356374741e-03 4.262258764356374741e-03
7.763732359008719921e+08 0.000000000000000000e+00 0.000000000000000000e+00
7.763733359008719921e+08 0.000000000000000000e+00 0.000000000000000000e+00
7.763734359008719921e+08 0.000000000000000000e+00 0.000000000000000000e+00
7.763735359008719921e+08 0.000000000000000000e+00 0.000000000000000000e+00
7.763736359008719921e+08 0.000000000000000000e+00 0.000000000000000000e+00
7.763737359008719921e+08 0.000000000000000000e+00 0.000000000000000000e+00
7.763738359008719921e+08 -4.228844773024320602e-03 4.228844773024320602e-03
7.763739359008719921e+08 0.000000000000000000e+00 0.000000000000000000e+00
7.763740359008719921e+08 -4.204417578876018524e-03 4.204417578876018524e-03
7.763741359008719921e+08 0.000000000000000000e+00 0.000000000000000000e+00
7.763742359008719921e+08 1.101698633283376694e-02 1.587723754346370697e-02
7.763743359008719921e+08 0.000000000000000000e+00 0.000000000000000000e+00
7.763744359008719921e+08 -4.228974692523479462e-03 4.228974692523479462e-03
7.763745359008719921e+08 0.000000000000000000e+00 0.000000000000000000e+00
7.763746359008719921e+08 0.000000000000000000e+00 0.000000000000000000e+00
7.763747359008719921e+08 0.000000000000000000e+00 0.000000000000000000e+00
7.763748359008719921e+08 0.000000000000000000e+00 0.000000000000000000e+00
7.763749359008719921e+08 -8.395795710384845734e-03 5.936724133789539337e-03
7.763750359008719921e+08 -8.416189812123775482e-03 5.951145198196172714e-03
7.763751359008719921e+08 0.000000000000000000e+00 0.000000000000000000e+00
7.763752359008719921e+08 0.000000000000000000e+00 0.000000000000000000e+00
7.763753359008719921e+08 -8.436607196927070618e-03 5.965582560747861862e-03
7.763754359008719921e+08 1.090724207460880280e-02 1.571907848119735718e-02
7.763755359008719921e+08 -8.515255525708198547e-03 6.021195091307163239e-03
7.763756359008719921e+08 1.527260150760412216e-02 1.527260150760412216e-02
7.763757359008719921e+08 0.000000000000000000e+00 0.000000000000000000e+00
7.763758359008719921e+08 0.000000000000000000e+00 0.000000000000000000e+00
7.763759359008719921e+08 0.000000000000000000e+00 0.000000000000000000e+00
7.763760359008719921e+08 0.000000000000000000e+00 0.000000000000000000e+00
7.763761359008719921e+08 -4.264558665454387665e-03 4.264558665454387665e-03
7.763762359008719921e+08 0.000000000000000000e+00 0.000000000000000000e+00
7.763763359008719921e+08 1.529630459845066071e-02 1.529630459845066071e-02
7.763764359008719921e+08 0.000000000000000000e+00 0.000000000000000000e+00
7.763765359008719921e+08 0.000000000000000000e+00 0.000000000000000000e+00
7.763766359008719921e+08 -8.561251685023307800e-03 6.053718738257884979e-03
7.763767359008719921e+08 -4.258142318576574326e-03 4.258142318576574326e-03
7.763768359008719921e+08 0.000000000000000000e+00 0.000000000000000000e+00
7.763769359008719921e+08 -8.519148454070091248e-03 6.023947615176439285e-03
7.763770359008719921e+08 0.000000000000000000e+00 0.000000000000000000e+00
7.763771359008719921e+08 0.000000000000000000e+00 0.000000000000000000e+00
7.763772359008719921e+08 0.000000000000000000e+00 0.000000000000000000e+00
7.763773359008719921e+08 0.000000000000000000e+00 0.000000000000000000e+00
7.763774359008719921e+08 -4.196119029074907303e-03 4.196119029074907303e-03
7.763775359008719921e+08 0.000000000000000000e+00 0.000000000000000000e+00
7.763776359008719921e+08 -4.353753756731748581e-03 4.353753756731748581e-03
7.763777359008719921e+08 -4.229653161019086838e-03 4.229653161019086838e-03
7.763778359008719921e+08 0.000000000000000000e+00 0.000000000000000000e+00
7.763779359008719921e+08 0.000000000000000000e+00 0.000000000000000000e+00
7.763780359008719921e+08 1.540291029959917068e-02 1.540291029959917068e-02
7.763781359008719921e+08 -4.278150852769613266e-03 4.278150852769613266e-03
7.763782359008719921e+08 0.000000000000000000e+00 0.000000000000000000e+00
7.763783359008719921e+08 0.000000000000000000e+00 0.000000000000000000e+00
7.763784359008719921e+08 -9.063804522156715393e-03 6.409077905118465424e-03
7.763785359008719921e+08 0.000000000000000000e+00 0.000000000000000000e+00
7.763786359008719921e+08 0.000000000000000000e+00 0.000000000000000000e+00
7.763787359008719921e+08 1.122829318046569824e-02 1.618176326155662537e-02
7.763788359008719921e+08 -8.460325188934803009e-03 5.982352886348962784e-03
7.763789359008719921e+08 -4.311069380491971970e-03 4.311069380491971970e-03
7.763790359008719921e+08 1.103796716779470444e-02 1.590747386217117310e-02
7.763791359008719921e+08 -4.248975310474634171e-03 4.248975310474634171e-03
7.763792359008719921e+08 -1.796066644601523876e-03 1.742755807936191559e-02
7.763793359008719921e+08 0.000000000000000000e+00 0.000000000000000000e+00
7.763794359008719921e+08 0.000000000000000000e+00 0.000000000000000000e+00
7.763795359008719921e+08 1.531786192208528519e-02 1.531786192208528519e-02
7.763796359008719921e+08 0.000000000000000000e+00 0.000000000000000000e+00
7.763797359008719921e+08 1.094673573970794678e-02 1.577599346637725830e-02
7.763798359008719921e+08 -4.217576235532760620e-03 4.217576235532760620e-03
7.763799359008719921e+08 -8.649081923067569733e-03 6.115824449807405472e-03
7.763800359008719921e+08 -4.217079840600490570e-03 4.217079840600490570e-03
7.763801359008719921e+08 0.000000000000000000e+00 0.000000000000000000e+00
7.763802359008719921e+08 1.089634746313095093e-02 1.570337638258934021e-02
7.763803359008719921e+08 0.000000000000000000e+00 0.000000000000000000e+00
7.763804359008719921e+08 0.000000000000000000e+00 0.000000000000000000e+00
7.763805359008719921e+08 0.000000000000000000e+00 0.000000000000000000e+00
7.763806359008719921e+08 -4.246287979185581207e-03 4.246287979185581207e-03
7.763807359008719921e+08 2.614732831716537476e-02 2.190853841602802277e-02
7.763808359008719921e+08 3.040676005184650421e-02 2.150082588195800781e-02
7.763809359008719921e+08 0.000000000000000000e+00 0.000000000000000000e+00
7.763810359008719921e+08 -4.261622671037912369e-03 4.261622671037912369e-03
7.763811359008719921e+08 0.000000000000000000e+00 0.000000000000000000e+00
7.763812359008719921e+08 0.000000000000000000e+00 0.000000000000000000e+00
7.763813359008719921e+08 0.000000000000000000e+00 0.000000000000000000e+00
7.763814359008719921e+08 0.000000000000000000e+00 0.000000000000000000e+00
7.763815359008719921e+08 -4.223992582410573959e-03 4.223992582410573959e-03
7.763816359008719921e+08 0.000000000000000000e+00 0.000000000000000000e+00
7.763817359008719921e+08 0.000000000000000000e+00 0.000000000000000000e+00
7.763818359008719921e+08 0.000000000000000000e+00 0.000000000000000000e+00
7.763819359008719921e+08 -1.262693945318460464e-02 7.290166802704334259e-03
7.763820359008719921e+08 0.000000000000000000e+00 0.000000000000000000e+00
7.763821359008719921e+08 0.000000000000000000e+00 0.000000000000000000e+00
7.763822359008719921e+08 -8.530580438673496246e-03 6.032031029462814331e-03
7.763823359008719921e+08 1.088458765298128128e-02 1.568643003702163696e-02
7.763824359008719921e+08 0.000000000000000000e+00 0.000000000000000000e+00
7.763825359008719921e+08 0.000000000000000000e+00 0.000000000000000000e+00
7.763826359008719921e+08 1.503132469952106476e-02 1.503132469952106476e-02
7.763827359008719921e+08 0.000000000000000000e+00 0.000000000000000000e+00
7.763828359008719921e+08 0.000000000000000000e+00 0.000000000000000000e+00
7.763829359008719921e+08 1.085610594600439072e-02 1.564538106322288513e-02
7.763830359008719921e+08 -8.580913767218589783e-03 6.067622452974319458e-03
7.763831359008719921e+08 -8.468321524560451508e-03 5.988007411360740662e-03
7.763832359008719921e+08 -4.243891686201095581e-03 4.243891686201095581e-03
7.763833359008719921e+08 0.000000000000000000e+00 0.000000000000000000e+00
7.763834359008719921e+08 0.000000000000000000e+00 0.000000000000000000e+00
7.763835359008719921e+08 1.518011093139648438e-02 1.518011093139648438e-02
7.763836359008719921e+08 0.000000000000000000e+00 0.000000000000000000e+00
7.763837359008719921e+08 -4.255375824868679047e-03 4.255375824868679047e-03
7.763838359008719921e+08 1.508899964392185211e-02 1.508899964392185211e-02
7.763839359008719921e+08 -4.195977468043565750e-03 4.195977468043565750e-03
7.763840359008719921e+08 -4.255581647157669067e-03 4.255581647157669067e-03
7.763841359008719921e+08 1.522794459015130997e-02 1.522794459015130997e-02
7.763842359008719921e+08 0.000000000000000000e+00 0.000000000000000000e+00
7.763843359008719921e+08 0.000000000000000000e+00 0.000000000000000000e+00
7.763844359008719921e+08 -4.234514664858579636e-03 4.234514664858579636e-03
7.763845359008719921e+08 0.000000000000000000e+00 0.000000000000000000e+00
7.763846359008719921e+08 0.000000000000000000e+00 0.000000000000000000e+00
7.763847359008719921e+08 1.502775400876998901e-02 1.502775400876998901e-02
7.763848359008719921e+08 -4.230516497045755386e-03 4.230516497045755386e-03
7.763849359008719921e+08 -4.212801344692707062e-03 4.212801344692707062e-03
7.763850359008719921e+08 0.000000000000000000e+00 0.000000000000000000e+00
7.763851359008719921e+08 -4.252139944583177567e-03 4.252139944583177567e-03
7.763852359008719921e+08 -4.241690970957279205e-03 4.241690970957279205e-03
7.763853359008719921e+08 -4.215442109853029251e-03 4.215442109853029251e-03
7.763854359008719921e+08 1.095252763479948044e-02 1.578433997929096222e-02
7.763855359008719921e+08 1.507619861513376236e-02 1.507619861513376236e-02
7.763856359008719921e+08 0.000000000000000000e+00 0.000000000000000000e+00
7.763857359008719921e+08 -1.273726392537355423e-02 7.353862747550010681e-03
7.763858359008719921e+08 0.000000000000000000e+00 0.000000000000000000e+00
7.763859359008719921e+08 -8.625974878668785095e-03 6.099485326558351517e-03
7.763860359008719921e+08 0.000000000000000000e+00 0.000000000000000000e+00
7.763861359008719921e+08 0.000000000000000000e+00 0.000000000000000000e+00
7.763862359008719921e+08 0.000000000000000000e+00 0.000000000000000000e+00
7.763863359008719921e+08 -4.246689379215240479e-03 4.246689379215240479e-03
7.763864359008719921e+08 0.000000000000000000e+00 0.000000000000000000e+00
7.763865359008719921e+08 0.000000000000000000e+00 0.000000000000000000e+00
7.763866359008719921e+08 0.000000000000000000e+00 0.000000000000000000e+00
7.763867359008719921e+08 -4.206046462059020996e-03 4.206046462059020996e-03
7.763868359008719921e+08 1.098535023629665375e-02 1.583164371550083160e-02
7.763869359008719921e+08 0.000000000000000000e+00 0.000000000000000000e+00
7.763870359008719921e+08 0.000000000000000000e+00 0.000000000000000000e+00
7.763871359008719921e+08 0.000000000000000000e+00 0.000000000000000000e+00
7.763872359008719921e+08 1.096806023269891739e-02 1.580672524869441986e-02
7.763873359008719921e+08 -4.279727581888437271e-03 4.279727581888437271e-03
7.763874359008719921e+08 0.000000000000000000e+00 0.000000000000000000e+00
7.763875359008719921e+08 0.000000000000000000e+00 0.000000000000000000e+00
7.763876359008719921e+08 -4.214385990053415298e-03 4.214385990053415298e-03
7.763877359008719921e+08 -4.217925481498241425e-03 4.217925481498241425e-03
7.763878359008719921e+08 4.085317254066467285e-02 2.634652517735958099e-02
7.763879359008719921e+08 0.000000000000000000e+00 0.000000000000000000e+00
7.763880359008719921e+08 0.000000000000000000e+00 0.000000000000000000e+00
7.763881359008719921e+08 0.000000000000000000e+00 0.000000000000000000e+00
7.763882359008719921e+08 1.514723058789968491e-02 1.514723058789968491e-02
7.763883359008719921e+08 1.099550072103738785e-02 1.584627106785774231e-02
7.763884359008719921e+08 -4.265380557626485825e-03 4.265380557626485825e-03
7.763885359008719921e+08 -8.468966931104660034e-03 5.988464225083589554e-03
7.763886359008719921e+08 0.000000000000000000e+00 0.000000000000000000e+00
7.763887359008719921e+08 -4.239567555487155914e-03 4.239567555487155914e-03
7.763888359008719921e+08 0.000000000000000000e+00 0.000000000000000000e+00
7.763889359008719921e+08 1.115629356354475021e-02 1.607800088822841644e-02
7.763890359008719921e+08 -4.265236668288707733e-03 4.265236668288707733e-03
7.763891359008719921e+08 -4.259043838828802109e-03 4.259043838828802109e-03
7.763892359008719921e+08 1.511041168123483658e-02 1.511041168123483658e-02
7.763893359008719921e+08 -8.489181287586688995e-03 6.002757698297500610e-03
7.763894359008719921e+08 -1.268006488680839539e-02 7.320838980376720428e-03
7.763895359008719921e+08 0.000000000000000000e+00 0.000000000000000000e+00
7.763896359008719921e+08 0.000000000000000000e+00 0.000000000000000000e+00
7.763897359008719921e+08 -4.316167440265417099e-03 4.316167440265417099e-03
7.763898359008719921e+08 1.097680535167455673e-02 1.581932976841926575e-02
7.763899359008719921e+08 3.023239597678184509e-02 2.137753181159496307e-02
7.763900359008719921e+08 -1.267918851226568222e-02 7.320332806557416916e-03
7.763901359008719921e+08 -8.441450074315071106e-03 5.969006568193435669e-03
7.763902359008719921e+08 0.000000000000000000e+00 0.000000000000000000e+00
7.763903359008719921e+08 1.528733130544424057e-02 1.528733130544424057e-02
7.763904359008719921e+08 -8.484434336423873901e-03 5.999400746077299118e-03
7.763905359008719921e+08 0.000000000000000000e+00 0.000000000000000000e+00
7.763906359008719921e+08 0.000000000000000000e+00 0.000000000000000000e+00
7.763907359008719921e+08 -4.266894888132810593e-03 4.266894888132810593e-03
7.763908359008719921e+08 6.628946866840124130e-03 1.616471633315086365e-02
7.763909359008719921e+08 0.000000000000000000e+00 0.000000000000000000e+00
7.763910359008719921e+08 -8.438452146947383881e-03 5.966886878013610840e-03
7.763911359008719921e+08 1.514687668532133102e-02 1.514687668532133102e-02
7.763912359008719921e+08 1.084049325436353683e-02 1.562288217246532440e-02
7.763913359008719921e+08 -4.249624442309141159e-03 4.249624442309141159e-03
7.763914359008719921e+08 0.000000000000000000e+00 0.000000000000000000e+00
7.763915359008719921e+08 -4.264706745743751526e-03 4.264706745743751526e-03
7.763916359008719921e+08 0.000000000000000000e+00 0.000000000000000000e+00
7.763917359008719921e+08 0.000000000000000000e+00 0.000000000000000000e+00
7.763918359008719921e+08 -4.229458048939704895e-03 4.229458048939704895e-03
7.763919359008719921e+08 0.000000000000000000e+00 0.000000000000000000e+00
7.763920359008719921e+08 0.000000000000000000e+00 0.000000000000000000e+00
7.763921359008719921e+08 1.527188811451196671e-02 1.527188811451196671e-02
7.763922359008719921e+08 0.000000000000000000e+00 0.000000000000000000e+00
7.763923359008719921e+08 0.000000000000000000e+00 0.000000000000000000e+00
7.763924359008719921e+08 -4.219612572342157364e-03 4.219612572342157364e-03
7.763925359008719921e+08 -1.265260577201843262e-02 7.304985541850328445e-03
7.763926359008719921e+08 0.000000000000000000e+00 0.000000000000000000e+00
7.763927359008719921e+08 -4.246611148118972778e-03 4.246611148118972778e-03
7.763928359008719921e+08 -8.397935889661312103e-03 5.938237532973289490e-03
7.763929359008719921e+08 0.000000000000000000e+00 0.000000000000000000e+00
7.763930359008719921e+08 1.520802825689315796e-02 1.520802825689315796e-02
7.763931359008719921e+08 -4.200338385999202728e-03 4.200338385999202728e-03
7.763932359008719921e+08 1.503752358257770538e-02 1.503752358257770538e-02
7.763933359008719921e+08 1.502366364002227783e-02 1.502366364002227783e-02
7.763934359008719921e+08 -8.445188403129577637e-03 5.971649661660194397e-03
7.763935359008719921e+08 -8.482382632791996002e-03 5.997950676828622818e-03
7.763936359008719921e+08 0.000000000000000000e+00 0.000000000000000000e+00
7.763937359008719921e+08 -4.230186808854341507e-03 4.230186808854341507e-03
7.763938359008719921e+08 0.000000000000000000e+00 0.000000000000000000e+00
7.763939359008719921e+08 0.000000000000000000e+00 0.000000000000000000e+00
7.763940359008719921e+08 0.000000000000000000e+00 0.000000000000000000e+00
7.763941359008719921e+08 0.000000000000000000e+00 0.000000000000000000e+00
7.763942359008719921e+08 0.000000000000000000e+00 0.000000000000000000e+00
7.763943359008719921e+08 0.000000000000000000e+00 0.000000000000000000e+00
7.763944359008719921e+08 -8.468670770525932312e-03 5.988254211843013763e-03
7.763945359008719921e+08 -1.266017276793718338e-02 7.309354376047849655e-03
7.763946359008719921e+08 -4.242163151502609253e-03 4.242163151502609253e-03
7.763947359008719921e+08 1.534069702029228210e-02 1.534069702029228210e-02
7.763948359008719921e+08 1.103703770786523819e-02 1.590613275766372681e-02
7.763949359008719921e+08 1.094567030668258667e-02 1.577445864677429199e-02
7.763950359008719921e+08 1.083331555128097534e-02 1.561253704130649567e-02
7.763951359008719921e+08 0.000000000000000000e+00 0.000000000000000000e+00
7.763952359008719921e+08 -4.281210247427225113e-03 4.281210247427225113e-03
7.763953359008719921e+08 2.435199916362762451e-03 1.675826683640480042e-02
7.763954359008719921e+08 -8.489412255585193634e-03 6.002921145409345627e-03
7.763955359008719921e+08 0.000000000000000000e+00 0.000000000000000000e+00
7.763956359008719921e+08 -4.244240466505289078e-03 4.244240466505289078e-03
7.763957359008719921e+08 0.000000000000000000e+00 0.000000000000000000e+00
7.763958359008719921e+08 0.000000000000000000e+00 0.000000000000000000e+00
7.763959359008719921e+08 1.084038615226745605e-02 1.562272664159536362e-02
7.763960359008719921e+08 1.091633271425962448e-02 1.573217846453189850e-02
7.763961359008719921e+08 1.508411299437284470e-02 1.508411299437284470e-02
7.763962359008719921e+08 -8.463133126497268677e-03 5.984338931739330292e-03
7.763963359008719921e+08 -4.247324541211128235e-03 4.247324541211128235e-03
7.763964359008719921e+08 6.745041813701391220e-03 1.644781418144702911e-02
7.763965359008719921e+08 1.095798611640930176e-02 1.579220779240131378e-02
7.763966359008719921e+08 6.765786558389663696e-03 1.649839989840984344e-02
7.763967359008719921e+08 -8.538127876818180084e-03 6.037367973476648331e-03
7.763968359008719921e+08 1.099686976522207260e-02 1.584824547171592712e-02
7.763969359008719921e+08 -4.287388641387224197e-03 4.287388641387224197e-03
7.763970359008719921e+08 6.834941450506448746e-03 1.666703447699546814e-02
7.763971359008719921e+08 0.000000000000000000e+00 0.000000000000000000e+00
7.763972359008719921e+08 -1.742013543844223022e-02 8.710067719221115112e-03
7.763973359008719921e+08 -1.293373946100473404e-02 7.467297837138175964e-03
7.763974359008719921e+08 0.000000000000000000e+00 0.000000000000000000e+00
7.763975359008719921e+08 0.000000000000000000e+00 0.000000000000000000e+00
7.763976359008719921e+08 3.047164902091026306e-02 2.154671028256416321e-02
7.763977359008719921e+08 -1.282485947012901306e-02 7.404436357319355011e-03
7.763978359008719921e+08 1.093952823430299759e-02 1.576560735702514648e-02
7.763979359008719921e+08 -4.211697261780500412e-03 4.211697261780500412e-03
7.763980359008719921e+08 -4.196871072053909302e-03 4.196871072053909302e-03
7.763981359008719921e+08 -8.445592597126960754e-03 5.971935577690601349e-03
7.763982359008719921e+08 1.515958365052938461e-02 1.515958365052938461e-02
7.763983359008719921e+08 0.000000000000000000e+00 0.000000000000000000e+00
7.763984359008719921e+08 0.000000000000000000e+00 0.000000000000000000e+00
7.763985359008719921e+08 -8.530004881322383881e-03 6.031624507158994675e-03
7.763986359008719921e+08 -8.586303330957889557e-03 6.071433424949645996e-03
7.763987359008719921e+08 1.503848284482955933e-02 1.503848284482955933e-02
7.763988359008719921e+08 -4.247584845870733261e-03 4.247584845870733261e-03
7.763989359008719921e+08 0.000000000000000000e+00 0.000000000000000000e+00
7.763990359008719921e+08 -4.247468430548906326e-03 4.247468430548906326e-03
7.763991359008719921e+08 -4.195256624370813370e-03 4.195256624370813370e-03
7.763992359008719921e+08 -4.207499790936708450e-03 4.207499790936708450e-03
7.763993359008719921e+08 0.000000000000000000e+00 0.000000000000000000e+00
7.763994359008719921e+08 0.000000000000000000e+00 0.000000000000000000e+00
7.763995359008719921e+08 -4.195524845272302628e-03 4.195524845272302628e-03
7.763996359008719921e+08 -8.457124233245849609e-03 5.980089772492647171e-03
7.763997359008719921e+08 0.000000000000000000e+00 0.000000000000000000e+00
7.763998359008719921e+08 0.000000000000000000e+00 0.000000000000000000e+00
7.763999359008719921e+08 -4.201372154057025909e-03 4.201372154057025909e-03
7.764000359008719921e+08 1.092878822237253189e-02 1.575012877583503723e-02
7.764001359008719921e+08 0.000000000000000000e+00 0.000000000000000000e+00
7.764002359008719921e+08 0.000000000000000000e+00 0.000000000000000000e+00
7.764003359008719921e+08 0.000000000000000000e+00 0.000000000000000000e+00
7.764004359008719921e+08 -4.234457388520240784e-03 4.234457388520240784e-03
7.764005359008719921e+08 0.000000000000000000e+00 0.000000000000000000e+00
7.764006359008719921e+08 0.000000000000000000e+00 0.000000000000000000e+00
7.764007359008719921e+08 -4.230837337672710419e-03 4.230837337672710419e-03
7.764008359008719921e+08 0.000000000000000000e+00 0.000000000000000000e+00
7.764009359008719921e+08 0.000000000000000000e+00 0.000000000000000000e+00
7.764010359008719921e+08 0.000000000000000000e+00 0.000000000000000000e+00
7.764011359008719921e+08 -4.214477725327014923e-03 4.214477725327014923e-03
7.764012359008719921e+08 -8.403972722589969635e-03 5.942505784332752228e-03
7.764013359008719921e+08 0.000000000000000000e+00 0.000000000000000000e+00
7.764014359008719921e+08 -8.469380438327789307e-03 5.988756194710731506e-03
7.764015359008719921e+08 0.000000000000000000e+00 0.000000000000000000e+00
7.764016359008719921e+08 1.524870097637176514e-02 1.524870097637176514e-02
7.764017359008719921e+08 -4.268504213541746140e-03 4.268504213541746140e-03
7.764018359008719921e+08 1.515107601881027222e-02 1.515107601881027222e-02
7.764019359008719921e+08 -4.222473595291376114e-03 4.222473595291376114e-03
7.764020359008719921e+08 0.000000000000000000e+00 0.000000000000000000e+00
7.764021359008719921e+08 0.000000000000000000e+00 0.000000000000000000e+00
7.764022359008719921e+08 1.082920376211404800e-02 1.560661196708679199e-02
7.764023359008719921e+08 -4.222204443067312241e-03 4.222204443067312241e-03
7.764024359008719921e+08 0.000000000000000000e+00 0.000000000000000000e+00
7.764025359008719921e+08 -4.210305400192737579e-03 4.210305400192737579e-03
7.764026359008719921e+08 -4.246783908456563950e-03 4.246783908456563950e-03
7.764027359008719921e+08 -4.245751071721315384e-03 4.245751071721315384e-03
7.764028359008719921e+08 0.000000000000000000e+00 0.000000000000000000e+00
7.764029359008719921e+08 -4.216207657009363174e-03 4.216207657009363174e-03
7.764030359008719921e+08 0.000000000000000000e+00 0.000000000000000000e+00
7.764031359008719921e+08 1.094695180654525757e-02 1.577630639076232910e-02
7.764032359008719921e+08 1.093193050473928452e-02 1.575465686619281769e-02
7.764033359008719921e+08 -8.470924571156501770e-03 5.989847704768180847e-03
7.764034359008719921e+08 0.000000000000000000e+00 0.000000000000000000e+00
7.764035359008719921e+08 1.514662615954875946e-02 1.514662615954875946e-02
7.764036359008719921e+08 -4.236688837409019470e-03 4.236688837409019470e-03
7.764037359008719921e+08 -4.313007928431034088e-03 4.313007928431034088e-03
7.764038359008719921e+08 1.524837594479322433e-02 1.524837594479322433e-02
7.764039359008719921e+08 -1.699365861713886261e-02 8.496829308569431305e-03
7.764040359008719921e+08 1.522499229758977890e-02 1.522499229758977890e-02
7.764041359008719921e+08 -1.700252480804920197e-02 8.501262404024600983e-03
7.764042359008719921e+08 2.466429956257343292e-03 1.697318255901336670e-02
7.764043359008719921e+08 1.513010822236537933e-02 1.513010822236537933e-02
7.764044359008719921e+08 3.689268231391906738e-02 2.685128338634967804e-02
7.764045359008719921e+08 -8.438382297754287720e-03 5.966837517917156219e-03
7.764046359008719921e+08 6.752588786184787750e-03 1.646621711552143097e-02
7.764047359008719921e+08 -8.409971371293067932e-03 5.946747492998838425e-03
7.764048359008719921e+08 1.104423310607671738e-02 1.591650396585464478e-02
7.764049359008719921e+08 6.760578602552413940e-03 1.648570038378238678e-02
7.764050359008719921e+08 3.090675733983516693e-02 2.185437828302383423e-02
7.764051359008719921e+08 1.100563351064920425e-02 1.586087420582771301e-02
7.764052359008719921e+08 -2.990669757127761841e-02 1.130366977304220200e-02
7.764053359008719921e+08 1.100410614162683487e-02 1.585867442190647125e-02
7.764054359008719921e+08 -4.241320770233869553e-03 4.241320770233869553e-03
7.764055359008719921e+08 0.000000000000000000e+00 0.000000000000000000e+00
7.764056359008719921e+08 2.435375470668077469e-03 1.675947569310665131e-02
7.764057359008719921e+08 0.000000000000000000e+00 0.000000000000000000e+00
7.764058359008719921e+08 -8.428335189819335938e-03 5.959733389317989349e-03
7.764059359008719921e+08 -4.257126711308956146e-03 4.257126711308956146e-03
7.764060359008719921e+08 6.616596598178148270e-03 1.613459922373294830e-02
7.764061359008719921e+08 -1.700818352401256561e-02 8.504091762006282806e-03
7.764062359008719921e+08 1.092200726270675659e-02 1.574035547673702240e-02
7.764063359008719921e+08 -4.221421666443347931e-03 4.221421666443347931e-03
7.764064359008719921e+08 -4.252329003065824509e-03 4.252329003065824509e-03
7.764065359008719921e+08 -8.596463128924369812e-03 6.078617181628942490e-03
7.764066359008719921e+08 1.516350451856851578e-02 1.516350451856851578e-02
7.764067359008719921e+08 -4.234469495713710785e-03 4.234469495713710785e-03
7.764068359008719921e+08 -8.503688499331474304e-03 6.013015750795602798e-03
7.764069359008719921e+08 1.511272136121988297e-02 1.511272136121988297e-02
7.764070359008719921e+08 0.000000000000000000e+00 0.000000000000000000e+00
7.764071359008719921e+08 -8.484571240842342377e-03 5.999497603625059128e-03
7.764072359008719921e+08 -4.246660042554140091e-03 4.246660042554140091e-03
7.764073359008719921e+08 0.000000000000000000e+00 0.000000000000000000e+00
7.764074359008719921e+08 1.536843553185462952e-02 1.536843553185462952e-02
7.764075359008719921e+08 -8.427180349826812744e-03 5.958916619420051575e-03
7.764076359008719921e+08 0.000000000000000000e+00 0.000000000000000000e+00
7.764077359008719921e+08 -8.438975550234317780e-03 5.967257078737020493e-03
7.764078359008719921e+08 -4.237608984112739563e-03 4.237608984112739563e-03
7.764079359008719921e+08 1.508982479572296143e-02 1.508982479572296143e-02
7.764080359008719921e+08 0.000000000000000000e+00 0.000000000000000000e+00
7.764081359008719921e+08 1.521704811602830887e-02 1.521704811602830887e-02
7.764082359008719921e+08 -8.427742868661880493e-03 5.959313828498125076e-03
7.764083359008719921e+08 0.000000000000000000e+00 0.000000000000000000e+00
7.764084359008719921e+08 0.000000000000000000e+00 0.000000000000000000e+00
7.764085359008719921e+08 0.000000000000000000e+00 0.000000000000000000e+00
7.764086359008719921e+08 1.540994178503751755e-02 1.540994178503751755e-02
7.764087359008719921e+08 0.000000000000000000e+00 0.000000000000000000e+00
7.764088359008719921e+08 -4.454402253031730652e-03 4.454402253031730652e-03
7.764089359008719921e+08 0.000000000000000000e+00 0.000000000000000000e+00
7.764090359008719921e+08 1.540287118405103683e-02 1.540287118405103683e-02
7.764091359008719921e+08 2.501231152564287186e-03 1.721267215907573700e-02
7.764092359008719921e+08 -4.331491421908140182e-03 4.331491421908140182e-03
7.764093359008719921e+08 -4.311325959861278534e-03 4.311325959861278534e-03
7.764094359008719921e+08 1.793917268514633179e-02 2.308778464794158936e-02
7.764095359008719921e+08 1.093791984021663666e-02 1.576328836381435394e-02
7.764096359008719921e+08 6.901481188833713531e-03 1.682929322123527527e-02
7.764097359008719921e+08 1.090300641953945160e-02 1.571297273039817810e-02
7.764098359008719921e+08 -8.530560880899429321e-03 6.032017059624195099e-03
7.764099359008719921e+08 1.576964557170867920e-02 1.576964557170867920e-02
7.764100359008719921e+08 0.000000000000000000e+00 0.000000000000000000e+00
7.764101359008719921e+08 0.000000000000000000e+00 0.000000000000000000e+00
7.764102359008719921e+08 -4.244200419634580612e-03 4.244200419634580612e-03
7.764103359008719921e+08 0.000000000000000000e+00 0.000000000000000000e+00
7.764104359008719921e+08 -8.396282792091369629e-03 5.937068257480859756e-03
7.764105359008719921e+08 1.100073009729385376e-02 1.585380919277667999e-02
7.764106359008719921e+08 -4.260106943547725677e-03 4.260106943547725677e-03
7.764107359008719921e+08 0.000000000000000000e+00 0.000000000000000000e+00
7.764108359008719921e+08 -4.264703486114740372e-03 4.264703486114740372e-03
7.764109359008719921e+08 -8.461685851216316223e-03 5.983315408229827881e-03
7.764110359008719921e+08 0.000000000000000000e+00 0.000000000000000000e+00
7.764111359008719921e+08 0.000000000000000000e+00 0.000000000000000000e+00
7.764112359008719921e+08 1.108579058200120926e-02 1.597639359533786774e-02
7.764113359008719921e+08 -1.281100697815418243e-02 7.396438159048557281e-03
7.764114359008719921e+08 -4.330965224653482437e-03 4.330965224653482437e-03
7.764115359008719921e+08 0.000000000000000000e+00 0.000000000000000000e+00
7.764116359008719921e+08 1.098459027707576752e-02 1.583054848015308380e-02
7.764117359008719921e+08 1.539327669888734818e-02 1.539327669888734818e-02
7.764118359008719921e+08 -8.567171171307563782e-03 6.057905033230781555e-03
7.764119359008719921e+08 -8.566048927605152130e-03 6.057111546397209167e-03
7.764120359008719921e+08 1.536999735981225967e-02 1.536999735981225967e-02
7.764121359008719921e+08 1.520651020109653473e-02 1.520651020109653473e-02
7.764122359008719921e+08 -4.242078866809606552e-03 4.242078866809606552e-03
7.764123359008719921e+08 0.000000000000000000e+00 0.000000000000000000e+00
7.764124359008719921e+08 -4.231777973473072052e-03 4.231777973473072052e-03
7.764125359008719921e+08 0.000000000000000000e+00 0.000000000000000000e+00
7.764126359008719921e+08 1.526281889528036118e-02 1.526281889528036118e-02
7.764127359008719921e+08 0.000000000000000000e+00 0.000000000000000000e+00
7.764128359008719921e+08 0.000000000000000000e+00 0.000000000000000000e+00
7.764129359008719921e+08 1.536909397691488266e-02 1.536909397691488266e-02
7.764130359008719921e+08 -4.296835977584123611e-03 4.296835977584123611e-03
7.764131359008719921e+08 2.660227380692958832e-02 2.228973247110843658e-02
7.764132359008719921e+08 -4.221508279442787170e-03 4.221508279442787170e-03
7.764133359008719921e+08 0.000000000000000000e+00 0.000000000000000000e+00
7.764134359008719921e+08 0.000000000000000000e+00 0.000000000000000000e+00
7.764135359008719921e+08 0.000000000000000000e+00 0.000000000000000000e+00
7.764136359008719921e+08 0.000000000000000000e+00 0.000000000000000000e+00
7.764137359008719921e+08 0.000000000000000000e+00 0.000000000000000000e+00
7.764138359008719921e+08 0.000000000000000000e+00 0.000000000000000000e+00
7.764139359008719921e+08 0.000000000000000000e+00 0.000000000000000000e+00
7.764140359008719921e+08 -8.416922762989997864e-03 5.951663479208946228e-03
7.764141359008719921e+08 1.526251621544361115e-02 1.526251621544361115e-02
7.764142359008719921e+08 -4.262864124029874802e-03 4.262864124029874802e-03
7.764143359008719921e+08 0.000000000000000000e+00 0.000000000000000000e+00
7.764144359008719921e+08 0.000000000000000000e+00 0.000000000000000000e+00
7.764145359008719921e+08 -1.263764873147010803e-02 7.296349853277206421e-03
7.764146359008719921e+08 1.099311280995607376e-02 1.584283076226711273e-02
7.764147359008719921e+08 -4.261502530425786972e-03 4.261502530425786972e-03
7.764148359008719921e+08 0.000000000000000000e+00 0.000000000000000000e+00
7.764149359008719921e+08 -8.549195714294910431e-03 6.045193877071142197e-03
7.764150359008719921e+08 -4.248009528964757919e-03 4.248009528964757919e-03
7.764151359008719921e+08 0.000000000000000000e+00 0.000000000000000000e+00
7.764152359008719921e+08 0.000000000000000000e+00 0.000000000000000000e+00
7.764153359008719921e+08 -4.258226137608289719e-03 4.258226137608289719e-03
7.764154359008719921e+08 -4.280886612832546234e-03 4.280886612832546234e-03
7.764155359008719921e+08 -4.238022025674581528e-03 4.238022025674581528e-03
7.764156359008719921e+08 0.000000000000000000e+00 0.000000000000000000e+00
7.764157359008719921e+08 3.693703934550285339e-02 2.688356861472129822e-02
7.764158359008719921e+08 1.091871410608291626e-02 1.573561131954193115e-02
7.764159359008719921e+08 1.099096890538930893e-02 1.583974063396453857e-02
7.764160359008719921e+08 3.048263676464557648e-02 2.155447937548160553e-02
7.764161359008719921e+08 1.089485082775354385e-02 1.570121943950653076e-02
7.764162359008719921e+08 -4.276404622942209244e-03 4.276404622942209244e-03
7.764163359008719921e+08 3.038021922111511230e-02 2.148205973207950592e-02
7.764164359008719921e+08 6.655025295913219452e-03 1.622830890119075775e-02
7.764165359008719921e+08 6.660187616944313049e-03 1.624089665710926056e-02
7.764166359008719921e+08 0.000000000000000000e+00 0.000000000000000000e+00
7.764167359008719921e+08 -4.232428502291440964e-03 4.232428502291440964e-03
7.764168359008719921e+08 3.051285631954669952e-02 2.157584764063358307e-02
7.764169359008719921e+08 0.000000000000000000e+00 0.000000000000000000e+00
7.764170359008719921e+08 -4.231806378811597824e-03 4.231806378811597824e-03
7.764171359008719921e+08 3.018368966877460480e-02 2.134309150278568268e-02
7.764172359008719921e+08 1.504559256136417389e-02 1.504559256136417389e-02
7.764173359008719921e+08 0.000000000000000000e+00 0.000000000000000000e+00
7.764174359008719921e+08 3.015037253499031067e-02 2.131953276693820953e-02
7.764175359008719921e+08 3.042217716574668884e-02 2.151172794401645660e-02
7.764176359008719921e+08 4.101663082838058472e-02 2.645193971693515778e-02
7.764177359008719921e+08 4.159006476402282715e-02 2.682175114750862122e-02
7.764178359008719921e+08 3.075395710766315460e-02 2.174633182585239410e-02
7.764179359008719921e+08 4.090545699000358582e-02 2.638024277985095978e-02
7.764180359008719921e+08 5.626811459660530090e-02 3.054172918200492859e-02
7.764181359008719921e+08 8.758314698934555054e-02 3.774616867303848267e-02
7.764182359008719921e+08 1.524592842906713486e-02 1.524592842906713486e-02
7.764183359008719921e+08 8.667720109224319458e-02 3.735572844743728638e-02
7.764184359008719921e+08 5.667956918478012085e-02 3.076506219804286957e-02
7.764185359008719921e+08 1.523587480187416077e-02 1.523587480187416077e-02
7.764186359008719921e+08 9.121569991111755371e-02 3.723865374922752380e-02
7.764187359008719921e+08 2.587295323610305786e-02 2.167864330112934113e-02
7.764188359008719921e+08 1.022000908851623535e-01 4.045853018760681152e-02
7.764189359008719921e+08 4.559436067938804626e-02 2.632391639053821564e-02
7.764190359008719921e+08 5.627411976456642151e-02 3.054498881101608276e-02
7.764191359008719921e+08 1.336919963359832764e-01 4.619161039590835571e-02
7.764192359008719921e+08 -4.246472381055355072e-03 4.246472381055355072e-03
7.764193359008719921e+08 3.016240522265434265e-02 2.132804132997989655e-02
7.764194359008719921e+08 6.037454307079315186e-02 3.018727153539657593e-02
7.764195359008719921e+08 3.021328710019588470e-02 2.136402018368244171e-02
7.764196359008719921e+08 1.075897812843322754e-01 4.066511243581771851e-02
7.764197359008719921e+08 6.132253259420394897e-02 3.066126629710197449e-02
7.764198359008719921e+08 8.701217919588088989e-02 3.750009462237358093e-02
7.764199359008719921e+08 1.294691860675811768e-01 4.641232639551162720e-02
7.764200359008719921e+08 1.067024618387222290e-01 4.032973945140838623e-02
7.764201359008719921e+08 6.076306477189064026e-02 3.038153238594532013e-02
7.764202359008719921e+08 7.645291835069656372e-02 3.419078513979911804e-02
7.764203359008719921e+08 1.783680319786071777e-01 5.288973450660705566e-02
7.764204359008719921e+08 1.062329560518264771e-01 4.015228524804115295e-02
7.764205359008719921e+08 3.687745332717895508e-02 2.684020064771175385e-02
7.764206359008719921e+08 8.675715327262878418e-02 3.739018738269805908e-02
7.764207359008719921e+08 9.321568906307220459e-02 4.069182649254798889e-02
7.764208359008719921e+08 9.797019511461257935e-02 4.068985208868980408e-02
7.764209359008719921e+08 1.362540274858474731e-01 4.541800543665885925e-02
7.764210359008719921e+08 6.277881562709808350e-02 3.451450914144515991e-02
7.764211359008719921e+08 1.211959645152091980e-01 4.284924268722534180e-02
7.764212359008719921e+08 4.116512089967727661e-02 2.654770016670227051e-02
7.764213359008719921e+08 7.600736618041992188e-02 3.399152681231498718e-02
7.764214359008719921e+08 1.585881263017654419e-01 5.073285847902297974e-02
7.764215359008719921e+08 7.562699168920516968e-02 3.382141888141632080e-02
7.764216359008719921e+08 3.683827444911003113e-02 2.681168355047702789e-02
7.764217359008719921e+08 1.217634156346321106e-01 4.304986819624900818e-02
7.764218359008719921e+08 1.062518954277038574e-01 4.015944153070449829e-02
7.764219359008719921e+08 8.264398574829101562e-02 3.768719360232353210e-02
7.764220359008719921e+08 9.145148843526840210e-02 3.733491525053977966e-02
7.764221359008719921e+08 2.618803083896636963e-02 2.194264158606529236e-02
7.764222359008719921e+08 9.721921384334564209e-02 4.037794470787048340e-02
7.764223359008719921e+08 3.008038550615310669e-02 2.127004414796829224e-02
7.764224359008719921e+08 6.819352507591247559e-02 3.486849367618560791e-02
7.764225359008719921e+08 1.020261943340301514e-01 4.038968682289123535e-02
7.764226359008719921e+08 5.647753179073333740e-02 3.065539710223674774e-02
7.764227359008719921e+08 1.214615032076835632e-01 4.294312745332717896e-02
7.764228359008719921e+08 1.012386679649353027e-01 4.007792472839355469e-02
7.764229359008719921e+08 1.527441889047622681e-01 4.830195382237434387e-02
7.764230359008719921e+08 1.360045671463012695e-01 4.533485695719718933e-02
7.764231359008719921e+08 4.121779650449752808e-02 2.658167295157909393e-02
7.764232359008719921e+08 1.949115097522735596e-01 5.541237071156501770e-02
7.764233359008719921e+08 7.595349848270416260e-02 3.396743535995483398e-02
7.764234359008719921e+08 4.551118239760398865e-02 2.627589367330074310e-02
7.764235359008719921e+08 1.217210367321968079e-01 4.303488507866859436e-02
7.764236359008719921e+08 4.553924500942230225e-02 2.629209682345390320e-02
7.764237359008719921e+08 9.197217226028442383e-02 3.754748404026031494e-02
7.764238359008719921e+08 2.616138570010662079e-02 2.192031778395175934e-02
7.764239359008719921e+08 1.621132493019104004e-01 5.033121630549430847e-02
7.764240359008719921e+08 7.201047986745834351e-02 3.437646478414535522e-02
7.764241359008719921e+08 8.630146831274032593e-02 3.719379752874374390e-02
7.764242359008719921e+08 9.099375456571578979e-02 3.714804351329803467e-02
7.764243359008719921e+08 6.049767136573791504e-02 3.024883568286895752e-02
7.764244359008719921e+08 6.042927503585815430e-02 3.021463751792907715e-02
7.764245359008719921e+08 1.317746341228485107e-01 4.552914574742317200e-02
7.764246359008719921e+08 4.140571877360343933e-02 2.670286409556865692e-02
7.764247359008719921e+08 2.589242905378341675e-02 2.169496193528175354e-02
7.764248359008719921e+08 3.028684481978416443e-02 2.141603268682956696e-02
7.764249359008719921e+08 8.274094760417938232e-02 3.773140907287597656e-02
7.764250359008719921e+08 6.081662699580192566e-02 3.040831349790096283e-02
7.764251359008719921e+08 4.171761870384216309e-02 2.690401300787925720e-02
7.764252359008719921e+08 8.719470351934432983e-02 3.757875785231590271e-02
7.764253359008719921e+08 6.071766838431358337e-02 3.035883419215679169e-02
7.764254359008719921e+08 0.000000000000000000e+00 0.000000000000000000e+00
7.764255359008719921e+08 1.054713279008865356e-01 3.986441344022750854e-02
7.764256359008719921e+08 7.558497041463851929e-02 3.380262851715087891e-02
7.764257359008719921e+08 3.688611090183258057e-02 2.684650011360645294e-02
7.764258359008719921e+08 3.025316074490547180e-02 2.139221504330635071e-02
7.764259359008719921e+08 4.146109893918037415e-02 2.673857845366001129e-02
7.764260359008719921e+08 9.152793884277343750e-02 3.736612573266029358e-02
7.764261359008719921e+08 4.555149003863334656e-02 2.629916556179523468e-02
7.764262359008719921e+08 2.622543834149837494e-02 2.197398617863655090e-02
7.764263359008719921e+08 1.089096628129482269e-02 1.569562219083309174e-02
7.764264359008719921e+08 6.022177636623382568e-02 3.011088818311691284e-02
7.764265359008719921e+08 4.808079823851585388e-02 3.129544481635093689e-02
7.764266359008719921e+08 4.114374518394470215e-02 2.653391659259796143e-02
7.764267359008719921e+08 1.210767775774002075e-01 4.280710592865943909e-02
7.764268359008719921e+08 6.060162931680679321e-02 3.030081465840339661e-02
7.764269359008719921e+08 2.616963721811771393e-02 2.192723192274570465e-02
7.764270359008719921e+08 5.602898448705673218e-02 3.041193075478076935e-02
7.764271359008719921e+08 4.564380645751953125e-02 2.635246515274047852e-02
7.764272359008719921e+08 1.506382692605257034e-02 1.506382692605257034e-02
7.764273359008719921e+08 3.692615032196044922e-02 2.687564305961132050e-02
7.764274359008719921e+08 1.527803950011730194e-02 1.527803950011730194e-02
7.764275359008719921e+08 8.242399245500564575e-02 3.758687153458595276e-02
7.764276359008719921e+08 2.631742134690284729e-02 2.205105870962142944e-02
7.764277359008719921e+08 3.043362312018871307e-02 2.151982113718986511e-02
7.764278359008719921e+08 1.537071634083986282e-02 1.537071634083986282e-02
7.764279359008719921e+08 1.503787562251091003e-02 1.503787562251091003e-02
7.764280359008719921e+08 1.089407596737146378e-02 1.570010371506214142e-02
7.764281359008719921e+08 1.086351741105318069e-02 1.565606333315372467e-02
7.764282359008719921e+08 4.579809680581092834e-02 2.644154243171215057e-02
7.764283359008719921e+08 7.512447983026504517e-02 3.359669074416160583e-02
7.764284359008719921e+08 3.016835823655128479e-02 2.133225090801715851e-02
7.764285359008719921e+08 5.640712380409240723e-02 3.061718121170997620e-02
7.764286359008719921e+08 2.592751570045948029e-02 2.172436006367206573e-02
7.764287359008719921e+08 2.203205786645412445e-02 2.245185151696205139e-02
7.764288359008719921e+08 4.547512158751487732e-02 2.625507488846778870e-02
7.764289359008719921e+08 1.505373511463403702e-02 1.505373511463403702e-02
7.764290359008719921e+08 1.517505664378404617e-02 1.517505664378404617e-02
7.764291359008719921e+08 2.185416407883167267e-02 2.227056957781314850e-02
7.764292359008719921e+08 9.085741639137268066e-02 3.709238395094871521e-02
7.764293359008719921e+08 2.593100816011428833e-02 2.172728627920150757e-02
7.764294359008719921e+08 3.051750175654888153e-02 2.157913148403167725e-02
7.764295359008719921e+08 1.097584422677755356e-02 1.581794396042823792e-02
7.764296359008719921e+08 1.090168021619319916e-02 1.571106165647506714e-02
7.764297359008719921e+08 3.028669767081737518e-02 2.141593024134635925e-02
7.764298359008719921e+08 0.000000000000000000e+00 0.000000000000000000e+00
7.764299359008719921e+08 3.049816563725471497e-02 2.156545966863632202e-02
7.764300359008719921e+08 1.092607341706752777e-02 1.574621535837650299e-02
7.764301359008719921e+08 0.000000000000000000e+00 0.000000000000000000e+00
7.764302359008719921e+08 3.028740920126438141e-02 2.141643129289150238e-02
7.764303359008719921e+08 1.093847583979368210e-02 1.576408930122852325e-02
7.764304359008719921e+08 1.528257690370082855e-02 1.528257690370082855e-02
7.764305359008719921e+08 1.517166290432214737e-02 1.517166290432214737e-02
7.764306359008719921e+08 1.512133143842220306e-02 1.512133143842220306e-02
7.764307359008719921e+08 1.084959693253040314e-02 1.563600264489650726e-02
7.764308359008719921e+08 7.132315635681152344e-02 3.404834866523742676e-02
7.764309359008719921e+08 6.050446629524230957e-02 3.025223314762115479e-02
7.764310359008719921e+08 2.608987502753734589e-02 2.186039835214614868e-02
7.764311359008719921e+08 0.000000000000000000e+00 0.000000000000000000e+00
7.764312359008719921e+08 1.092067547142505646e-02 1.573843695223331451e-02
7.764313359008719921e+08 -4.241922870278358459e-03 4.241922870278358459e-03
7.764314359008719921e+08 4.104483872652053833e-02 2.647013217210769653e-02
7.764315359008719921e+08 4.602270573377609253e-02 2.657122164964675903e-02
7.764316359008719921e+08 1.505813002586364746e-02 1.505813002586364746e-02
7.764317359008719921e+08 1.089352276176214218e-02 1.569930650293827057e-02
7.764318359008719921e+08 -4.205248318612575531e-03 4.205248318612575531e-03
7.764319359008719921e+08 4.107886552810668945e-02 2.649207599461078644e-02
7.764320359008719921e+08 1.527937687933444977e-02 1.527937687933444977e-02
7.764321359008719921e+08 3.041702136397361755e-02 2.150808274745941162e-02
7.764322359008719921e+08 2.639452181756496429e-02 2.211565896868705750e-02
7.764323359008719921e+08 6.663811858743429184e-03 1.624973490834236145e-02
7.764324359008719921e+08 1.521396450698375702e-02 1.521396450698375702e-02
7.764325359008719921e+08 2.583936601877212524e-02 2.165050059556961060e-02
7.764326359008719921e+08 0.000000000000000000e+00 0.000000000000000000e+00
7.764327359008719921e+08 1.520616468042135239e-02 1.520616468042135239e-02
7.764328359008719921e+08 1.510100904852151871e-02 1.510100904852151871e-02
7.764329359008719921e+08 0.000000000000000000e+00 0.000000000000000000e+00
7.764330359008719921e+08 1.081994920969009399e-02 1.559327542781829834e-02
7.764331359008719921e+08 1.513882353901863098e-02 1.513882353901863098e-02
7.764332359008719921e+08 1.086681336164474487e-02 1.566081307828426361e-02
7.764333359008719921e+08 -4.243350587785243988e-03 4.243350587785243988e-03
7.764334359008719921e+08 -8.422790095210075378e-03 5.955812055617570877e-03
7.764335359008719921e+08 2.454683883115649223e-03 1.689235121011734009e-02
7.764336359008719921e+08 -4.244852811098098755e-03 4.244852811098098755e-03
7.764337359008719921e+08 -4.214667715132236481e-03 4.214667715132236481e-03
7.764338359008719921e+08 2.614802867174148560e-02 2.190912514925003052e-02
7.764339359008719921e+08 1.508860569447278976e-02 1.508860569447278976e-02
7.764340359008719921e+08 -8.539559319615364075e-03 6.038379855453968048e-03
7.764341359008719921e+08 0.000000000000000000e+00 0.000000000000000000e+00
7.764342359008719921e+08 0.000000000000000000e+00 0.000000000000000000e+00
7.764343359008719921e+08 0.000000000000000000e+00 0.000000000000000000e+00
7.764344359008719921e+08 0.000000000000000000e+00 0.000000000000000000e+00
7.764345359008719921e+08 1.518691610544919968e-02 1.518691610544919968e-02
7.764346359008719921e+08 1.519530639052391052e-02 1.519530639052391052e-02
7.764347359008719921e+08 -4.241106566041707993e-03 4.241106566041707993e-03
7.764348359008719921e+08 0.000000000000000000e+00 0.000000000000000000e+00
7.764349359008719921e+08 -4.234779626131057739e-03 4.234779626131057739e-03
7.764350359008719921e+08 -4.234981723129749298e-03 4.234981723129749298e-03
7.764351359008719921e+08 2.608016133308410645e-02 2.185226045548915863e-02
7.764352359008719921e+08 0.000000000000000000e+00 0.000000000000000000e+00
7.764353359008719921e+08 0.000000000000000000e+00 0.000000000000000000e+00
7.764354359008719921e+08 6.133259087800979614e-02 3.066629543900489807e-02
7.764355359008719921e+08 1.086985692381858826e-02 1.566519960761070251e-02
7.764356359008719921e+08 0.000000000000000000e+00 0.000000000000000000e+00
7.764357359008719921e+08 1.097730454057455063e-02 1.582004874944686890e-02
7.764358359008719921e+08 3.038959577679634094e-02 2.148868888616561890e-02
7.764359359008719921e+08 1.508685946464538574e-02 1.508685946464538574e-02
7.764360359008719921e+08 0.000000000000000000e+00 0.000000000000000000e+00
7.764361359008719921e+08 1.098669040948152542e-02 1.583357527852058411e-02
7.764362359008719921e+08 1.515647303313016891e-02 1.515647303313016891e-02
7.764363359008719921e+08 0.000000000000000000e+00 0.000000000000000000e+00
7.764364359008719921e+08 0.000000000000000000e+00 0.000000000000000000e+00
7.764365359008719921e+08 -4.217689856886863708e-03 4.217689856886863708e-03
7.764366359008719921e+08 2.592287957668304443e-02 2.172047458589076996e-02
7.764367359008719921e+08 2.181569673120975494e-02 2.223136834800243378e-02
7.764368359008719921e+08 -4.255400970578193665e-03 4.255400970578193665e-03
7.764369359008719921e+08 3.017390333116054535e-02 2.133617177605628967e-02
7.764370359008719921e+08 -4.243503790348768234e-03 4.243503790348768234e-03
7.764371359008719921e+08 -4.249898251146078110e-03 4.249898251146078110e-03
7.764372359008719921e+08 2.454129746183753014e-03 1.688853651285171509e-02
7.764373359008719921e+08 0.000000000000000000e+00 0.000000000000000000e+00
7.764374359008719921e+08 -8.486301638185977936e-03 6.000721361488103867e-03
7.764375359008719921e+08 0.000000000000000000e+00 0.000000000000000000e+00
7.764376359008719921e+08 1.089143101125955582e-02 1.569629088044166565e-02
7.764377359008719921e+08 0.000000000000000000e+00 0.000000000000000000e+00
7.764378359008719921e+08 1.500943116843700409e-02 1.500943116843700409e-02
7.764379359008719921e+08 -8.486061356961727142e-03 6.000551395118236542e-03
7.764380359008719921e+08 6.783838849514722824e-03 1.654242165386676788e-02
7.764381359008719921e+08 0.000000000000000000e+00 0.000000000000000000e+00
7.764382359008719921e+08 -4.228916484862565994e-03 4.228916484862565994e-03
7.764383359008719921e+08 -4.193520639091730118e-03 4.193520639091730118e-03
7.764384359008719921e+08 -4.228274803608655930e-03 4.228274803608655930e-03
7.764385359008719921e+08 1.508163567632436752e-02 1.508163567632436752e-02
7.764386359008719921e+08 0.000000000000000000e+00 0.000000000000000000e+00
7.764387359008719921e+08 -4.224425647407770157e-03 4.224425647407770157e-03
7.764388359008719921e+08 0.000000000000000000e+00 0.000000000000000000e+00
7.764389359008719921e+08 0.000000000000000000e+00 0.000000000000000000e+00
7.764390359008719921e+08 -8.512008935213088989e-03 6.018899381160736084e-03
7.764391359008719921e+08 0.000000000000000000e+00 0.000000000000000000e+00
7.764392359008719921e+08 0.000000000000000000e+00 0.000000000000000000e+00
7.764393359008719921e+08 0.000000000000000000e+00 0.000000000000000000e+00
7.764394359008719921e+08 2.635788358747959137e-02 2.208496071398258209e-02
7.764395359008719921e+08 -4.281490109860897064e-03 4.281490109860897064e-03
7.764396359008719921e+08 0.000000000000000000e+00 0.000000000000000000e+00
7.764397359008719921e+08 -4.247820470482110977e-03 4.247820470482110977e-03
7.764398359008719921e+08 -8.491585962474346161e-03 6.004457827657461166e-03
7.764399359008719921e+08 1.519146934151649475e-02 1.519146934151649475e-02
7.764400359008719921e+08 0.000000000000000000e+00 0.000000000000000000e+00
7.764401359008719921e+08 1.513948757201433182e-02 1.513948757201433182e-02
7.764402359008719921e+08 1.515555009245872498e-02 1.515555009245872498e-02
7.764403359008719921e+08 -4.244390409439802170e-03 4.244390409439802170e-03
7.764404359008719921e+08 0.000000000000000000e+00 0.000000000000000000e+00
7.764405359008719921e+08 -4.211130551993846893e-03 4.211130551993846893e-03
7.764406359008719921e+08 -4.263824783265590668e-03 4.263824783265590668e-03
7.764407359008719921e+08 -4.248297307640314102e-03 4.248297307640314102e-03
7.764408359008719921e+08 0.000000000000000000e+00 0.000000000000000000e+00
7.764409359008719921e+08 -8.631948381662368774e-03 6.103708874434232712e-03
7.764410359008719921e+08 0.000000000000000000e+00 0.000000000000000000e+00
7.764411359008719921e+08 0.000000000000000000e+00 0.000000000000000000e+00
7.764412359008719921e+08 0.000000000000000000e+00 0.000000000000000000e+00
7.764413359008719921e+08 -8.473969995975494385e-03 5.992001388221979141e-03
7.764414359008719921e+08 -1.274461671710014343e-02 7.358108181506395340e-03
7.764415359008719921e+08 -4.269865341484546661e-03 4.269865341484546661e-03
7.764416359008719921e+08 0.000000000000000000e+00 0.000000000000000000e+00
7.764417359008719921e+08 0.000000000000000000e+00 0.000000000000000000e+00
7.764418359008719921e+08 0.000000000000000000e+00 0.000000000000000000e+00
7.764419359008719921e+08 1.097979582846164703e-02 1.582363992929458618e-02
7.764420359008719921e+08 0.000000000000000000e+00 0.000000000000000000e+00
7.764421359008719921e+08 0.000000000000000000e+00 0.000000000000000000e+00
7.764422359008719921e+08 0.000000000000000000e+00 0.000000000000000000e+00
7.764423359008719921e+08 0.000000000000000000e+00 0.000000000000000000e+00
7.764424359008719921e+08 0.000000000000000000e+00 0.000000000000000000e+00
7.764425359008719921e+08 -4.225179087370634079e-03 4.225179087370634079e-03
7.764426359008719921e+08 -4.220169968903064728e-03 4.220169968903064728e-03
7.764427359008719921e+08 -4.231517203152179718e-03 4.231517203152179718e-03
7.764428359008719921e+08 1.101421285420656204e-02 1.587323844432830811e-02
7.764429359008719921e+08 -4.220745526254177094e-03 4.220745526254177094e-03
7.764430359008719921e+08 -8.463405072689056396e-03 5.984531249850988388e-03
7.764431359008719921e+08 0.000000000000000000e+00 0.000000000000000000e+00
7.764432359008719921e+08 0.000000000000000000e+00 0.000000000000000000e+00
7.764433359008719921e+08 0.000000000000000000e+00 0.000000000000000000e+00
7.764434359008719921e+08 0.000000000000000000e+00 0.000000000000000000e+00
7.764435359008719921e+08 -8.453511632978916168e-03 5.977535620331764221e-03
7.764436359008719921e+08 -8.451146073639392853e-03 5.975862499326467514e-03
7.764437359008719921e+08 2.617671154439449310e-02 2.193315699696540833e-02
7.764438359008719921e+08 0.000000000000000000e+00 0.000000000000000000e+00
7.764439359008719921e+08 0.000000000000000000e+00 0.000000000000000000e+00
7.764440359008719921e+08 1.088114921003580093e-02 1.568147353827953339e-02
7.764441359008719921e+08 -4.307034891098737717e-03 4.307034891098737717e-03
7.764442359008719921e+08 -4.255842417478561401e-03 4.255842417478561401e-03
7.764443359008719921e+08 0.000000000000000000e+00 0.000000000000000000e+00
7.764444359008719921e+08 0.000000000000000000e+00 0.000000000000000000e+00
7.764445359008719921e+08 1.543289329856634140e-02 1.543289329856634140e-02
7.764446359008719921e+08 -4.265152849256992340e-03 4.265152849256992340e-03
7.764447359008719921e+08 -8.431421592831611633e-03 5.961915478110313416e-03
7.764448359008719921e+08 0.000000000000000000e+00 0.000000000000000000e+00
7.764449359008719921e+08 -4.228908568620681763e-03 4.228908568620681763e-03
7.764450359008719921e+08 0.000000000000000000e+00 0.000000000000000000e+00
7.764451359008719921e+08 0.000000000000000000e+00 0.000000000000000000e+00
7.764452359008719921e+08 0.000000000000000000e+00 0.000000000000000000e+00
7.764453359008719921e+08 0.000000000000000000e+00 0.000000000000000000e+00
7.764454359008719921e+08 -4.259645007550716400e-03 4.259645007550716400e-03
7.764455359008719921e+08 0.000000000000000000e+00 0.000000000000000000e+00
7.764456359008719921e+08 0.000000000000000000e+00 0.000000000000000000e+00
7.764457359008719921e+08 0.000000000000000000e+00 0.000000000000000000e+00
7.764458359008719921e+08 0.000000000000000000e+00 0.000000000000000000e+00
7.764459359008719921e+08 0.000000000000000000e+00 0.000000000000000000e+00
7.764460359008719921e+08 -4.206048790365457535e-03 4.206048790365457535e-03
7.764461359008719921e+08 0.000000000000000000e+00 0.000000000000000000e+00
7.764462359008719921e+08 1.534107420593500137e-02 1.534107420593500137e-02
7.764463359008719921e+08 -4.215199034661054611e-03 4.215199034661054611e-03
7.764464359008719921e+08 -4.261491354554891586e-03 4.261491354554891586e-03
7.764465359008719921e+08 0.000000000000000000e+00 0.000000000000000000e+00
7.764466359008719921e+08 -8.439930155873298645e-03 5.967932287603616714e-03
7.764467359008719921e+08 0.000000000000000000e+00 0.000000000000000000e+00
7.764468359008719921e+08 -4.228232894092798233e-03 4.228232894092798233e-03
7.764469359008719921e+08 0.000000000000000000e+00 0.000000000000000000e+00
7.764470359008719921e+08 0.000000000000000000e+00 0.000000000000000000e+00
7.764471359008719921e+08 0.000000000000000000e+00 0.000000000000000000e+00
7.764472359008719921e+08 1.568558812141418457e-02 1.568558812141418457e-02
7.764473359008719921e+08 6.778061389923095703e-03 1.652833260595798492e-02
7.764474359008719921e+08 0.000000000000000000e+00 0.000000000000000000e+00
7.764475359008719921e+08 -4.272931721061468124e-03 4.272931721061468124e-03
7.764476359008719921e+08 -4.251668229699134827e-03 4.251668229699134827e-03
7.764477359008719921e+08 0.000000000000000000e+00 0.000000000000000000e+00
7.764478359008719921e+08 -4.236275795847177505e-03 4.236275795847177505e-03
7.764479359008719921e+08 0.000000000000000000e+00 0.000000000000000000e+00
7.764480359008719921e+08 0.000000000000000000e+00 0.000000000000000000e+00
7.764481359008719921e+08 -4.241081420332193375e-03 4.241081420332193375e-03
7.764482359008719921e+08 1.082415226846933365e-02 1.559933181852102280e-02
7.764483359008719921e+08 -4.231187980622053146e-03 4.231187980622053146e-03
7.764484359008719921e+08 0.000000000000000000e+00 0.000000000000000000e+00
7.764485359008719921e+08 0.000000000000000000e+00 0.000000000000000000e+00
7.764486359008719921e+08 0.000000000000000000e+00 0.000000000000000000e+00
7.764487359008719921e+08 -4.226841963827610016e-03 4.226841963827610016e-03
7.764488359008719921e+08 -4.221120383590459824e-03 4.221120383590459824e-03
7.764489359008719921e+08 1.521682273596525192e-02 1.521682273596525192e-02
7.764490359008719921e+08 3.007601574063301086e-02 2.126695401966571808e-02
7.764491359008719921e+08 -4.243195988237857819e-03 4.243195988237857819e-03
7.764492359008719921e+08 -4.254592116922140121e-03 4.254592116922140121e-03
7.764493359008719921e+08 -4.208460450172424316e-03 4.208460450172424316e-03
7.764494359008719921e+08 0.000000000000000000e+00 0.000000000000000000e+00
7.764495359008719921e+08 1.523437071591615677e-02 1.523437071591615677e-02
7.764496359008719921e+08 -4.224714357405900955e-03 4.224714357405900955e-03
7.764497359008719921e+08 -8.371490053832530975e-03 5.919537041336297989e-03
7.764498359008719921e+08 -4.227904137223958969e-03 4.227904137223958969e-03
7.764499359008719921e+08 0.000000000000000000e+00 0.000000000000000000e+00
7.764500359008719921e+08 -4.266356583684682846e-03 4.266356583684682846e-03
7.764501359008719921e+08 0.000000000000000000e+00 0.000000000000000000e+00
7.764502359008719921e+08 -4.204722587019205093e-03 4.204722587019205093e-03
7.764503359008719921e+08 0.000000000000000000e+00 0.000000000000000000e+00
7.764504359008719921e+08 -8.446309715509414673e-03 5.972442682832479477e-03
7.764505359008719921e+08 -4.251780919730663300e-03 4.251780919730663300e-03
7.764506359008719921e+08 -4.202293232083320618e-03 4.202293232083320618e-03
7.764507359008719921e+08 -4.258912988007068634e-03 4.258912988007068634e-03
7.764508359008719921e+08 -4.200225230306386948e-03 4.200225230306386948e-03
7.764509359008719921e+08 0.000000000000000000e+00 0.000000000000000000e+00
7.764510359008719921e+08 -4.225996322929859161e-03 4.225996322929859161e-03
7.764511359008719921e+08 -8.428823202848434448e-03 5.960077978670597076e-03
7.764512359008719921e+08 3.033533506095409393e-02 2.145032025873661041e-02
7.764513359008719921e+08 0.000000000000000000e+00 0.000000000000000000e+00
7.764514359008719921e+08 0.000000000000000000e+00 0.000000000000000000e+00
7.764515359008719921e+08 -4.196190740913152695e-03 4.196190740913152695e-03
7.764516359008719921e+08 1.514785923063755035e-02 1.514785923063755035e-02
7.764517359008719921e+08 -4.226946737617254257e-03 4.226946737617254257e-03
7.764518359008719921e+08 0.000000000000000000e+00 0.000000000000000000e+00
7.764519359008719921e+08 0.000000000000000000e+00 0.000000000000000000e+00
7.764520359008719921e+08 2.616049535572528839e-02 2.191957086324691772e-02
7.764521359008719921e+08 -4.213592037558555603e-03 4.213592037558555603e-03
7.764522359008719921e+08 3.016640990972518921e-02 2.133087255060672760e-02
7.764523359008719921e+08 0.000000000000000000e+00 0.000000000000000000e+00
7.764524359008719921e+08 0.000000000000000000e+00 0.000000000000000000e+00
7.764525359008719921e+08 0.000000000000000000e+00 0.000000000000000000e+00
7.764526359008719921e+08 0.000000000000000000e+00 0.000000000000000000e+00
7.764527359008719921e+08 0.000000000000000000e+00 0.000000000000000000e+00
7.764528359008719921e+08 -4.241773858666419983e-03 4.241773858666419983e-03
7.764529359008719921e+08 1.535690482705831528e-02 1.535690482705831528e-02
7.764530359008719921e+08 -4.283036105334758759e-03 4.283036105334758759e-03
7.764531359008719921e+08 0.000000000000000000e+00 0.000000000000000000e+00
7.764532359008719921e+08 -4.225684795528650284e-03 4.225684795528650284e-03
7.764533359008719921e+08 0.000000000000000000e+00 0.000000000000000000e+00
7.764534359008719921e+08 1.091443561017513275e-02 1.572944410145282745e-02
7.764535359008719921e+08 -8.509074337780475616e-03 6.016824394464492798e-03
7.764536359008719921e+08 1.081648562103509903e-02 1.558828260749578476e-02
7.764537359008719921e+08 -4.230522550642490387e-03 4.230522550642490387e-03
7.764538359008719921e+08 -4.216373898088932037e-03 4.216373898088932037e-03
7.764539359008719921e+08 0.000000000000000000e+00 0.000000000000000000e+00
7.764540359008719921e+08 -1.272946409881114960e-02 7.349359337240457535e-03
7.764541359008719921e+08 -4.233606159687042236e-03 4.233606159687042236e-03
7.764542359008719921e+08 0.000000000000000000e+00 0.000000000000000000e+00
7.764543359008719921e+08 1.517790183424949646e-02 1.517790183424949646e-02
7.764544359008719921e+08 0.000000000000000000e+00 0.000000000000000000e+00
7.764545359008719921e+08 0.000000000000000000e+00 0.000000000000000000e+00
7.764546359008719921e+08 1.510737743228673935e-02 1.510737743228673935e-02
7.764547359008719921e+08 1.509877666831016541e-02 1.509877666831016541e-02
7.764548359008719921e+08 0.000000000000000000e+00 0.000000000000000000e+00
7.764549359008719921e+08 -8.487361483275890350e-03 6.001471076160669327e-03
7.764550359008719921e+08 0.000000000000000000e+00 0.000000000000000000e+00
7.764551359008719921e+08 0.000000000000000000e+00 0.000000000000000000e+00
7.764552359008719921e+08 0.000000000000000000e+00 0.000000000000000000e+00
7.764553359008719921e+08 0.000000000000000000e+00 0.000000000000000000e+00
7.764554359008719921e+08 -1.268059294670820236e-02 7.321143522858619690e-03
7.764555359008719921e+08 -1.265146583318710327e-02 7.304327096790075302e-03
7.764556359008719921e+08 1.509126368910074234e-02 1.509126368910074234e-02
7.764557359008719921e+08 -4.265503957867622375e-03 4.265503957867622375e-03
7.764558359008719921e+08 1.510308962315320969e-02 1.510308962315320969e-02
7.764559359008719921e+08 1.515843532979488373e-02 1.515843532979488373e-02
7.764560359008719921e+08 -4.212507978081703186e-03 4.212507978081703186e-03
7.764561359008719921e+08 0.000000000000000000e+00 0.000000000000000000e+00
7.764562359008719921e+08 0.000000000000000000e+00 0.000000000000000000e+00
7.764563359008719921e+08 -8.419689722359180450e-03 5.953619722276926041e-03
7.764564359008719921e+08 0.000000000000000000e+00 0.000000000000000000e+00
7.764565359008719921e+08 -4.263200797140598297e-03 4.263200797140598297e-03
7.764566359008719921e+08 0.000000000000000000e+00 0.000000000000000000e+00
7.764567359008719921e+08 0.000000000000000000e+00 0.000000000000000000e+00
7.764568359008719921e+08 0.000000000000000000e+00 0.000000000000000000e+00
7.764569359008719921e+08 -8.518520742654800415e-03 6.023504305630922318e-03
7.764570359008719921e+08 1.525222975760698318e-02 1.525222975760698318e-02
7.764571359008719921e+08 0.000000000000000000e+00 0.000000000000000000e+00
7.764572359008719921e+08 0.000000000000000000e+00 0.000000000000000000e+00
7.764573359008719921e+08 0.000000000000000000e+00 0.000000000000000000e+00
7.764574359008719921e+08 0.000000000000000000e+00 0.000000000000000000e+00
7.764575359008719921e+08 0.000000000000000000e+00 0.000000000000000000e+00
7.764576359008719921e+08 0.000000000000000000e+00 0.000000000000000000e+00
7.764577359008719921e+08 3.041785769164562225e-02 2.150867320597171783e-02
7.764578359008719921e+08 0.000000000000000000e+00 0.000000000000000000e+00
7.764579359008719921e+08 0.000000000000000000e+00 0.000000000000000000e+00
7.764580359008719921e+08 -4.213839769363403320e-03 4.213839769363403320e-03
7.764581359008719921e+08 0.000000000000000000e+00 0.000000000000000000e+00
7.764582359008719921e+08 0.000000000000000000e+00 0.000000000000000000e+00
7.764583359008719921e+08 -8.515787310898303986e-03 6.021570879966020584e-03
7.764584359008719921e+08 1.115762908011674881e-02 1.607992500066757202e-02
7.764585359008719921e+08 1.082116737961769104e-02 1.559503003954887390e-02
7.764586359008719921e+08 1.092225313186645508e-02 1.574071124196052551e-02
7.764587359008719921e+08 0.000000000000000000e+00 0.000000000000000000e+00
7.764588359008719921e+08 0.000000000000000000e+00 0.000000000000000000e+00
7.764589359008719921e+08 0.000000000000000000e+00 0.000000000000000000e+00
7.764590359008719921e+08 -4.269627854228019714e-03 4.269627854228019714e-03
7.764591359008719921e+08 0.000000000000000000e+00 0.000000000000000000e+00
7.764592359008719921e+08 0.000000000000000000e+00 0.000000000000000000e+00
7.764593359008719921e+08 1.104990765452384949e-02 1.592468097805976868e-02
7.764594359008719921e+08 1.099363248795270920e-02 1.584357954561710358e-02
7.764595359008719921e+08 0.000000000000000000e+00 0.000000000000000000e+00
7.764596359008719921e+08 0.000000000000000000e+00 0.000000000000000000e+00
7.764597359008719921e+08 3.035950101912021637e-02 2.146741002798080444e-02
7.764598359008719921e+08 0.000000000000000000e+00 0.000000000000000000e+00
7.764599359008719921e+08 0.000000000000000000e+00 0.000000000000000000e+00
7.764600359008719921e+08 1.506794523447751999e-02 1.506794523447751999e-02
7.764601359008719921e+08 0.000000000000000000e+00 0.000000000000000000e+00
7.764602359008719921e+08 0.000000000000000000e+00 0.000000000000000000e+00
7.764603359008719921e+08 0.000000000000000000e+00 0.000000000000000000e+00
7.764604359008719921e+08 0.000000000000000000e+00 0.000000000000000000e+00
7.764605359008719921e+08 0.000000000000000000e+00 0.000000000000000000e+00
7.764606359008719921e+08 0.000000000000000000e+00 0.000000000000000000e+00
7.764607359008719921e+08 1.091199833899736404e-02 1.572593301534652710e-02
7.764608359008719921e+08 1.513113826513290405e-02 1.513113826513290405e-02
7.764609359008719921e+08 -8.408159948885440826e-03 5.945466924458742142e-03
7.764610359008719921e+08 -4.268184769898653030e-03 4.268184769898653030e-03
7.764611359008719921e+08 0.000000000000000000e+00 0.000000000000000000e+00
7.764612359008719921e+08 -8.387056179344654083e-03 5.930543877184391022e-03
7.764613359008719921e+08 0.000000000000000000e+00 0.000000000000000000e+00
7.764614359008719921e+08 0.000000000000000000e+00 0.000000000000000000e+00
7.764615359008719921e+08 0.000000000000000000e+00 0.000000000000000000e+00
7.764616359008719921e+08 -8.494697511196136475e-03 6.006658077239990234e-03
7.764617359008719921e+08 -8.438757620751857758e-03 5.967102479189634323e-03
7.764618359008719921e+08 -1.259972713887691498e-02 7.274456322193145752e-03
7.764619359008719921e+08 -4.241109825670719147e-03 4.241109825670719147e-03
7.764620359008719921e+08 0.000000000000000000e+00 0.000000000000000000e+00
7.764621359008719921e+08 1.091612409800291061e-02 1.573187671601772308e-02
7.764622359008719921e+08 -4.234316758811473846e-03 4.234316758811473846e-03
7.764623359008719921e+08 -8.429019711911678314e-03 5.960217211395502090e-03
7.764624359008719921e+08 1.509737223386764526e-02 1.509737223386764526e-02
7.764625359008719921e+08 -4.237338900566101074e-03 4.237338900566101074e-03
7.764626359008719921e+08 1.509041991084814072e-02 1.509041991084814072e-02
7.764627359008719921e+08 0.000000000000000000e+00 0.000000000000000000e+00
7.764628359008719921e+08 -4.235133063048124313e-03 4.235133063048124313e-03
7.764629359008719921e+08 0.000000000000000000e+00 0.000000000000000000e+00
7.764630359008719921e+08 -4.198186099529266357e-03 4.198186099529266357e-03
7.764631359008719921e+08 -4.234365187585353851e-03 4.234365187585353851e-03
7.764632359008719921e+08 0.000000000000000000e+00 0.000000000000000000e+00
7.764633359008719921e+08 0.000000000000000000e+00 0.000000000000000000e+00
7.764634359008719921e+08 -4.226333461701869965e-03 4.226333461701869965e-03
7.764635359008719921e+08 1.500873640179634094e-02 1.500873640179634094e-02
7.764636359008719921e+08 0.000000000000000000e+00 0.000000000000000000e+00
7.764637359008719921e+08 -4.243802279233932495e-03 4.243802279233932495e-03
7.764638359008719921e+08 -4.196064546704292297e-03 4.196064546704292297e-03
7.764639359008719921e+08 0.000000000000000000e+00 0.000000000000000000e+00
7.764640359008719921e+08 1.505108829587697983e-02 1.505108829587697983e-02
7.764641359008719921e+08 0.000000000000000000e+00 0.000000000000000000e+00
7.764642359008719921e+08 -4.276830703020095825e-03 4.276830703020095825e-03
7.764643359008719921e+08 -4.229502752423286438e-03 4.229502752423286438e-03
7.764644359008719921e+08 -4.259222652763128281e-03 4.259222652763128281e-03
7.764645359008719921e+08 0.000000000000000000e+00 0.000000000000000000e+00
7.764646359008719921e+08 0.000000000000000000e+00 0.000000000000000000e+00
7.764647359008719921e+08 -4.253272898495197296e-03 4.253272898495197296e-03
7.764648359008719921e+08 2.590653300285339355e-02 2.170677855610847473e-02
7.764649359008719921e+08 0.000000000000000000e+00 0.000000000000000000e+00
7.764650359008719921e+08 -4.209854640066623688e-03 4.209854640066623688e-03
7.764651359008719921e+08 -8.502155542373657227e-03 6.011932156980037689e-03
7.764652359008719921e+08 0.000000000000000000e+00 0.000000000000000000e+00
7.764653359008719921e+08 1.515766046941280365e-02 1.515766046941280365e-02
7.764654359008719921e+08 0.000000000000000000e+00 0.000000000000000000e+00
7.764655359008719921e+08 -4.232841078191995621e-03 4.232841078191995621e-03
7.764656359008719921e+08 6.638646591454744339e-03 1.618836820125579834e-02
7.764657359008719921e+08 -4.225271288305521011e-03 4.225271288305521011e-03
7.764658359008719921e+08 0.000000000000000000e+00 0.000000000000000000e+00
7.764659359008719921e+08 0.000000000000000000e+00 0.000000000000000000e+00
7.764660359008719921e+08 0.000000000000000000e+00 0.000000000000000000e+00
7.764661359008719921e+08 1.519894413650035858e-02 1.519894413650035858e-02
7.764662359008719921e+08 -4.207278601825237274e-03 4.207278601825237274e-03
7.764663359008719921e+08 -4.265302792191505432e-03 4.265302792191505432e-03
7.764664359008719921e+08 0.000000000000000000e+00 0.000000000000000000e+00
7.764665359008719921e+08 -4.223851487040519714e-03 4.223851487040519714e-03
7.764666359008719921e+08 0.000000000000000000e+00 0.000000000000000000e+00
7.764667359008719921e+08 -4.193897824734449387e-03 4.193897824734449387e-03
7.764668359008719921e+08 -4.261531867086887360e-03 4.261531867086887360e-03
7.764669359008719921e+08 0.000000000000000000e+00 0.000000000000000000e+00
7.764670359008719921e+08 0.000000000000000000e+00 0.000000000000000000e+00
7.764671359008719921e+08 0.000000000000000000e+00 0.000000000000000000e+00
7.764672359008719921e+08 -4.257489927113056183e-03 4.257489927113056183e-03
7.764673359008719921e+08 -4.203963559120893478e-03 4.203963559120893478e-03
7.764674359008719921e+08 0.000000000000000000e+00 0.000000000000000000e+00
7.764675359008719921e+08 1.503417920321226120e-02 1.503417920321226120e-02
7.764676359008719921e+08 1.519605517387390137e-02 1.519605517387390137e-02
7.764677359008719921e+08 1.093795150518417358e-02 1.576333492994308472e-02
7.764678359008719921e+08 -4.250698722898960114e-03 4.250698722898960114e-03
7.764679359008719921e+08 0.000000000000000000e+00 0.000000000000000000e+00
7.764680359008719921e+08 -4.244323354214429855e-03 4.244323354214429855e-03
7.764681359008719921e+08 0.000000000000000000e+00 0.000000000000000000e+00
7.764682359008719921e+08 0.000000000000000000e+00 0.000000000000000000e+00
7.764683359008719921e+08 0.000000000000000000e+00 0.000000000000000000e+00
7.764684359008719921e+08 0.000000000000000000e+00 0.000000000000000000e+00
7.764685359008719921e+08 1.097570639103651047e-02 1.581774465739727020e-02
7.764686359008719921e+08 0.000000000000000000e+00 0.000000000000000000e+00
7.764687359008719921e+08 -1.269434578716754913e-02 7.329083979129791260e-03
7.764688359008719921e+08 0.000000000000000000e+00 0.000000000000000000e+00
7.764689359008719921e+08 2.598375268280506134e-02 2.177147939801216125e-02
7.764690359008719921e+08 -4.211892373859882355e-03 4.211892373859882355e-03
7.764691359008719921e+08 -4.196192137897014618e-03 4.196192137897014618e-03
7.764692359008719921e+08 0.000000000000000000e+00 0.000000000000000000e+00
7.764693359008719921e+08 0.000000000000000000e+00 0.000000000000000000e+00
7.764694359008719921e+08 0.000000000000000000e+00 0.000000000000000000e+00
7.764695359008719921e+08 0.000000000000000000e+00 0.000000000000000000e+00
7.764696359008719921e+08 0.000000000000000000e+00 0.000000000000000000e+00
7.764697359008719921e+08 0.000000000000000000e+00 0.000000000000000000e+00
7.764698359008719921e+08 0.000000000000000000e+00 0.000000000000000000e+00
7.764699359008719921e+08 0.000000000000000000e+00 0.000000000000000000e+00
7.764700359008719921e+08 1.514192111790180206e-02 1.514192111790180206e-02
7.764701359008719921e+08 -8.388379588723182678e-03 5.931480322033166885e-03
7.764702359008719921e+08 0.000000000000000000e+00 0.000000000000000000e+00
7.764703359008719921e+08 -8.410518988966941833e-03 5.947134923189878464e-03
7.764704359008719921e+08 0.000000000000000000e+00 0.000000000000000000e+00
7.764705359008719921e+08 0.000000000000000000e+00 0.000000000000000000e+00
7.764706359008719921e+08 -8.529950864613056183e-03 6.031586322933435440e-03
7.764707359008719921e+08 0.000000000000000000e+00 0.000000000000000000e+00
7.764708359008719921e+08 1.532954722642898560e-02 1.532954722642898560e-02
7.764709359008719921e+08 0.000000000000000000e+00 0.000000000000000000e+00
7.764710359008719921e+08 0.000000000000000000e+00 0.000000000000000000e+00
7.764711359008719921e+08 1.508129760622978210e-02 1.508129760622978210e-02
7.764712359008719921e+08 0.000000000000000000e+00 0.000000000000000000e+00
7.764713359008719921e+08 1.513584889471530914e-02 1.513584889471530914e-02
7.764714359008719921e+08 0.000000000000000000e+00 0.000000000000000000e+00
7.764715359008719921e+08 1.513383537530899048e-02 1.513383537530899048e-02
7.764716359008719921e+08 1.093027833849191666e-02 1.575227640569210052e-02
7.764717359008719921e+08 1.524288486689329147e-02 1.524288486689329147e-02
7.764718359008719921e+08 -8.528724312782287598e-03 6.030718795955181122e-03
7.764719359008719921e+08 0.000000000000000000e+00 0.000000000000000000e+00
7.764720359008719921e+08 -8.390812203288078308e-03 5.933200009167194366e-03
7.764721359008719921e+08 0.000000000000000000e+00 0.000000000000000000e+00
7.764722359008719921e+08 0.000000000000000000e+00 0.000000000000000000e+00
7.764723359008719921e+08 -4.230154212564229965e-03 4.230154212564229965e-03
7.764724359008719921e+08 -4.245625808835029602e-03 4.245625808835029602e-03
7.764725359008719921e+08 0.000000000000000000e+00 0.000000000000000000e+00
7.764726359008719921e+08 -4.209640901535749435e-03 4.209640901535749435e-03
7.764727359008719921e+08 0.000000000000000000e+00 0.000000000000000000e+00
7.764728359008719921e+08 0.000000000000000000e+00 0.000000000000000000e+00
7.764729359008719921e+08 0.000000000000000000e+00 0.000000000000000000e+00
7.764730359008719921e+08 0.000000000000000000e+00 0.000000000000000000e+00
7.764731359008719921e+08 0.000000000000000000e+00 0.000000000000000000e+00
7.764732359008719921e+08 0.000000000000000000e+00 0.000000000000000000e+00
7.764733359008719921e+08 0.000000000000000000e+00 0.000000000000000000e+00
7.764734359008719921e+08 -4.233122337609529495e-03 4.233122337609529495e-03
7.764735359008719921e+08 0.000000000000000000e+00 0.000000000000000000e+00
7.764736359008719921e+08 1.506638433784246445e-02 1.506638433784246445e-02
7.764737359008719921e+08 -4.271416459232568741e-03 4.271416459232568741e-03
7.764738359008719921e+08 0.000000000000000000e+00 0.000000000000000000e+00
7.764739359008719921e+08 0.000000000000000000e+00 0.000000000000000000e+00
7.764740359008719921e+08 -4.242867231369018555e-03 4.242867231369018555e-03
7.764741359008719921e+08 -4.223470110446214676e-03 4.223470110446214676e-03
7.764742359008719921e+08 -4.220447037369012833e-03 4.220447037369012833e-03
7.764743359008719921e+08 -8.492773398756980896e-03 6.005297414958477020e-03
7.764744359008719921e+08 -4.252943210303783417e-03 4.252943210303783417e-03
7.764745359008719921e+08 -4.230963531881570816e-03 4.230963531881570816e-03
7.764746359008719921e+08 1.083129551261663437e-02 1.560962665826082230e-02
7.764747359008719921e+08 -4.201647359877824783e-03 4.201647359877824783e-03
7.764748359008719921e+08 0.000000000000000000e+00 0.000000000000000000e+00
7.764749359008719921e+08 -4.223491530865430832e-03 4.223491530865430832e-03
7.764750359008719921e+08 0.000000000000000000e+00 0.000000000000000000e+00
7.764751359008719921e+08 0.000000000000000000e+00 0.000000000000000000e+00
7.764752359008719921e+08 -8.422657847404479980e-03 5.955718457698822021e-03
7.764753359008719921e+08 0.000000000000000000e+00 0.000000000000000000e+00
7.764754359008719921e+08 0.000000000000000000e+00 0.000000000000000000e+00
7.764755359008719921e+08 -4.210058134049177170e-03 4.210058134049177170e-03
7.764756359008719921e+08 -4.227140452712774277e-03 4.227140452712774277e-03
7.764757359008719921e+08 0.000000000000000000e+00 0.000000000000000000e+00
7.764758359008719921e+08 -4.302704706788063049e-03 4.302704706788063049e-03
7.764759359008719921e+08 1.503701042383909225e-02 1.503701042383909225e-02
7.764760359008719921e+08 1.508273277431726456e-02 1.508273277431726456e-02
7.764761359008719921e+08 0.000000000000000000e+00 0.000000000000000000e+00
7.764762359008719921e+08 0.000000000000000000e+00 0.000000000000000000e+00
7.764763359008719921e+08 -4.206485114991664886e-03 4.206485114991664886e-03
7.764764359008719921e+08 0.000000000000000000e+00 0.000000000000000000e+00
7.764765359008719921e+08 0.000000000000000000e+00 0.000000000000000000e+00
7.764766359008719921e+08 0.000000000000000000e+00 0.000000000000000000e+00
7.764767359008719921e+08 0.000000000000000000e+00 0.000000000000000000e+00
7.764768359008719921e+08 0.000000000000000000e+00 0.000000000000000000e+00
7.764769359008719921e+08 0.000000000000000000e+00 0.000000000000000000e+00
7.764770359008719921e+08 0.000000000000000000e+00 0.000000000000000000e+00
7.764771359008719921e+08 0.000000000000000000e+00 0.000000000000000000e+00
7.764772359008719921e+08 0.000000000000000000e+00 0.000000000000000000e+00
7.764773359008719921e+08 0.000000000000000000e+00 0.000000000000000000e+00
7.764774359008719921e+08 -4.195920191705226898e-03 4.195920191705226898e-03
7.764775359008719921e+08 -1.259308308362960815e-02 7.270619738847017288e-03
7.764776359008719921e+08 0.000000000000000000e+00 0.000000000000000000e+00
7.764777359008719921e+08 0.000000000000000000e+00 0.000000000000000000e+00
7.764778359008719921e+08 0.000000000000000000e+00 0.000000000000000000e+00
7.764779359008719921e+08 -1.259025000035762787e-02 7.268984336405992508e-03
7.764780359008719921e+08 -4.261928144842386246e-03 4.261928144842386246e-03
7.764781359008719921e+08 -4.240054637193679810e-03 4.240054637193679810e-03
7.764782359008719921e+08 0.000000000000000000e+00 0.000000000000000000e+00
7.764783359008719921e+08 0.000000000000000000e+00 0.000000000000000000e+00
7.764784359008719921e+08 0.000000000000000000e+00 0.000000000000000000e+00
7.764785359008719921e+08 -4.251784645020961761e-03 4.251784645020961761e-03
7.764786359008719921e+08 6.717036012560129166e-03 1.637952215969562531e-02
7.764787359008719921e+08 0.000000000000000000e+00 0.000000000000000000e+00
7.764788359008719921e+08 -4.226699471473693848e-03 4.226699471473693848e-03
7.764789359008719921e+08 0.000000000000000000e+00 0.000000000000000000e+00
7.764790359008719921e+08 1.511702500283718109e-02 1.511702500283718109e-02
7.764791359008719921e+08 0.000000000000000000e+00 0.000000000000000000e+00
7.764792359008719921e+08 0.000000000000000000e+00 0.000000000000000000e+00
7.764793359008719921e+08 -4.268194083124399185e-03 4.268194083124399185e-03
7.764794359008719921e+08 0.000000000000000000e+00 0.000000000000000000e+00
7.764795359008719921e+08 -4.232476465404033661e-03 4.232476465404033661e-03
7.764796359008719921e+08 2.481406321749091148e-03 1.707624644041061401e-02
7.764797359008719921e+08 3.054152242839336395e-02 2.159611694514751434e-02
7.764798359008719921e+08 -8.435908704996109009e-03 5.965088028460741043e-03
7.764799359008719921e+08 6.672795396298170090e-03 1.627164147794246674e-02
7.764800359008719921e+08 -8.519975468516349792e-03 6.024532951414585114e-03
7.764801359008719921e+08 1.082308311015367508e-02 1.559779141098260880e-02
7.764802359008719921e+08 0.000000000000000000e+00 0.000000000000000000e+00
7.764803359008719921e+08 0.000000000000000000e+00 0.000000000000000000e+00
7.764804359008719921e+08 1.082440838217735291e-02 1.559970062226057053e-02
7.764805359008719921e+08 0.000000000000000000e+00 0.000000000000000000e+00
7.764806359008719921e+08 1.518382877111434937e-02 1.518382877111434937e-02
7.764807359008719921e+08 -4.247111268341541290e-03 4.247111268341541290e-03
7.764808359008719921e+08 -4.216743633151054382e-03 4.216743633151054382e-03
7.764809359008719921e+08 1.532835979014635086e-02 1.532835979014635086e-02
7.764810359008719921e+08 0.000000000000000000e+00 0.000000000000000000e+00
7.764811359008719921e+08 -1.265493594110012054e-02 7.306330371648073196e-03
7.764812359008719921e+08 2.431226195767521858e-03 1.673092320561408997e-02
7.764813359008719921e+08 1.520443428307771683e-02 1.520443428307771683e-02
7.764814359008719921e+08 -4.264680203050374985e-03 4.264680203050374985e-03
7.764815359008719921e+08 -8.460996672511100769e-03 5.982828326523303986e-03
7.764816359008719921e+08 0.000000000000000000e+00 0.000000000000000000e+00
7.764817359008719921e+08 0.000000000000000000e+00 0.000000000000000000e+00
7.764818359008719921e+08 -8.499145507812500000e-03 6.009803619235754013e-03
7.764819359008719921e+08 -4.233753308653831482e-03 4.233753308653831482e-03
7.764820359008719921e+08 1.512417476624250412e-02 1.512417476624250412e-02
7.764821359008719921e+08 1.099774707108736038e-02 1.584951020777225494e-02
7.764822359008719921e+08 0.000000000000000000e+00 0.000000000000000000e+00
7.764823359008719921e+08 -1.273334771394729614e-02 7.351601496338844299e-03
7.764824359008719921e+08 2.468528924509882927e-03 1.698762737214565277e-02
7.764825359008719921e+08 1.086435746401548386e-02 1.565727405250072479e-02
7.764826359008719921e+08 1.502176932990550995e-02 1.502176932990550995e-02
7.764827359008719921e+08 1.514435466378927231e-02 1.514435466378927231e-02
7.764828359008719921e+08 1.093126460909843445e-02 1.575369760394096375e-02
7.764829359008719921e+08 -4.221627954393625259e-03 4.221627954393625259e-03
7.764830359008719921e+08 -8.421578444540500641e-03 5.954955704510211945e-03
7.764831359008719921e+08 2.591779269278049469e-02 2.171621285378932953e-02
7.764832359008719921e+08 -4.253023304045200348e-03 4.253023304045200348e-03
7.764833359008719921e+08 1.098096091300249100e-02 1.582531817257404327e-02
7.764834359008719921e+08 0.000000000000000000e+00 0.000000000000000000e+00
7.764835359008719921e+08 -8.476645685732364655e-03 5.993893370032310486e-03
7.764836359008719921e+08 -8.423411287367343903e-03 5.956251174211502075e-03
7.764837359008719921e+08 0.000000000000000000e+00 0.000000000000000000e+00
7.764838359008719921e+08 0.000000000000000000e+00 0.000000000000000000e+00
7.764839359008719921e+08 -8.523512631654739380e-03 6.027033552527427673e-03
7.764840359008719921e+08 1.084248907864093781e-02 1.562575809657573700e-02
7.764841359008719921e+08 -8.460122160613536835e-03 5.982209928333759308e-03
7.764842359008719921e+08 0.000000000000000000e+00 0.000000000000000000e+00
7.764843359008719921e+08 0.000000000000000000e+00 0.000000000000000000e+00
7.764844359008719921e+08 -4.207498393952846527e-03 4.207498393952846527e-03
7.764845359008719921e+08 -4.210177809000015259e-03 4.210177809000015259e-03
7.764846359008719921e+08 -4.191032610833644867e-03 4.191032610833644867e-03
7.764847359008719921e+08 0.000000000000000000e+00 0.000000000000000000e+00
7.764848359008719921e+08 0.000000000000000000e+00 0.000000000000000000e+00
7.764849359008719921e+08 -4.247660282999277115e-03 4.247660282999277115e-03
7.764850359008719921e+08 -4.239753820002079010e-03 4.239753820002079010e-03
7.764851359008719921e+08 -4.224768839776515961e-03 4.224768839776515961e-03
7.764852359008719921e+08 -1.267947256565093994e-02 7.320496719330549240e-03
7.764853359008719921e+08 0.000000000000000000e+00 0.000000000000000000e+00
7.764854359008719921e+08 1.504794880747795105e-02 1.504794880747795105e-02
7.764855359008719921e+08 -8.436305448412895203e-03 5.965368822216987610e-03
7.764856359008719921e+08 0.000000000000000000e+00 0.000000000000000000e+00
7.764857359008719921e+08 -8.485767990350723267e-03 6.000343710184097290e-03
7.764858359008719921e+08 -4.229734651744365692e-03 4.229734651744365692e-03
7.764859359008719921e+08 -4.281695000827312469e-03 4.281695000827312469e-03
7.764860359008719921e+08 -8.437651209533214569e-03 5.966320633888244629e-03
7.764861359008719921e+08 -4.225490149110555649e-03 4.225490149110555649e-03
7.764862359008719921e+08 1.522762980312108994e-02 1.522762980312108994e-02
7.764863359008719921e+08 -1.772743416950106621e-03 1.720124855637550354e-02
7.764864359008719921e+08 -8.469494059681892395e-03 5.988836754113435745e-03
7.764865359008719921e+08 1.531460508704185486e-02 1.531460508704185486e-02
7.764866359008719921e+08 -4.275851882994174957e-03 4.275851882994174957e-03
