7.763686859008719921e+08 -2.523470204323530197e-03 7.484704256057739258e-03
7.763690859008719921e+08 4.629822447896003723e-03 1.188305672258138657e-02
7.763694859008719921e+08 3.235218115150928497e-03 4.662465769797563553e-03
7.763698859008719921e+08 -1.060678507201373577e-03 1.060678507201373577e-03
7.763702859008719921e+08 -3.202371997758746147e-03 1.848890329711139202e-03
7.763706859008719921e+08 6.538148969411849976e-03 5.478238221257925034e-03
7.763710859008719921e+08 4.422668367624282837e-03 5.691991187632083893e-03
7.763714859008719921e+08 2.732168417423963547e-03 3.937491215765476227e-03
7.763718859008719921e+08 9.325673803687095642e-03 6.787424907088279724e-03
7.763722859008719921e+08 4.405120387673377991e-03 5.669407080858945847e-03
7.763726859008719921e+08 2.713353373110294342e-03 3.910375293344259262e-03
7.763730859008719921e+08 -1.063411938957870007e-03 1.063411938957870007e-03
7.763734859008719921e+08 0.000000000000000000e+00 0.000000000000000000e+00
7.763738859008719921e+08 -2.120105316862463951e-03 1.499140751548111439e-03
7.763742859008719921e+08 1.672152313403785229e-03 4.077550955116748810e-03
7.763746859008719921e+08 0.000000000000000000e+00 0.000000000000000000e+00
7.763750859008719921e+08 -4.220044240355491638e-03 2.110022120177745819e-03
7.763754859008719921e+08 2.286663744598627090e-03 5.869027692824602127e-03
7.763758859008719921e+08 0.000000000000000000e+00 0.000000000000000000e+00
7.763762859008719921e+08 2.738914452493190765e-03 3.947213292121887207e-03
7.763766859008719921e+08 -3.193382406607270241e-03 1.843700185418128967e-03
7.763770859008719921e+08 -2.125663449987769127e-03 1.503070932812988758e-03
7.763774859008719921e+08 -2.130786189809441566e-03 1.506693428382277489e-03
7.763778859008719921e+08 2.756870118901133537e-03 3.973090089857578278e-03
7.763782859008719921e+08 -3.303452860563993454e-03 1.907249330542981625e-03
7.763786859008719921e+08 6.292563048191368580e-04 4.330340772867202759e-03
7.763790859008719921e+08 1.657965040067210793e-04 6.099783349782228470e-03
7.763794859008719921e+08 3.822356695309281349e-03 3.822356695309281349e-03
7.763798859008719921e+08 -1.511687296442687511e-03 4.483719356358051300e-03
7.763802859008719921e+08 2.722628647461533546e-03 3.923742566257715225e-03
7.763806859008719921e+08 1.307325717061758041e-02 7.745597045868635178e-03
7.763810859008719921e+08 -1.079689827747642994e-03 1.079689827747642994e-03
7.763814859008719921e+08 -1.057352172210812569e-03 1.057352172210812569e-03
7.763818859008719921e+08 -3.185732057318091393e-03 1.839283271692693233e-03
7.763822859008719921e+08 6.147700478322803974e-04 4.230651073157787323e-03
7.763826859008719921e+08 3.784315427765250206e-03 3.784315427765250206e-03
7.763830859008719921e+08 -2.570695942267775536e-03 4.601222928613424301e-03
7.763834859008719921e+08 3.781004110351204872e-03 3.781004110351204872e-03
7.763838859008719921e+08 6.109486566856503487e-04 4.204353317618370056e-03
7.763842859008719921e+08 2.729834057390689850e-03 3.934126812964677811e-03
7.763846859008719921e+08 2.722889650613069534e-03 3.924118820577859879e-03
7.763850859008719921e+08 -3.176264930516481400e-03 1.833817339502274990e-03
7.763854859008719921e+08 5.455016158521175385e-03 5.558954551815986633e-03
7.763858859008719921e+08 -5.299997515976428986e-03 2.370231086388230324e-03
7.763862859008719921e+08 -1.055526430718600750e-03 1.055526430718600750e-03
7.763866859008719921e+08 1.672853599302470684e-03 4.079260863363742828e-03
7.763870859008719921e+08 2.745038364082574844e-03 3.956038504838943481e-03
7.763874859008719921e+08 -2.118141856044530869e-03 1.497752382420003414e-03
7.763878859008719921e+08 9.276220574975013733e-03 6.751431617885828018e-03
7.763882859008719921e+08 5.467403214424848557e-03 5.571577697992324829e-03
7.763886859008719921e+08 -3.184094326570630074e-03 1.838337746448814869e-03
7.763890859008719921e+08 4.434303380548954010e-03 5.706965457648038864e-03
7.763894859008719921e+08 -5.301014985889196396e-03 2.370686037465929985e-03
7.763898859008719921e+08 6.100067403167486191e-03 7.009737193584442139e-03
7.763902859008719921e+08 -4.489143902901560068e-04 4.355897195637226105e-03
7.763906859008719921e+08 6.130653200671076775e-04 4.218919668346643448e-03
7.763910859008719921e+08 4.380599595606327057e-03 5.637848284095525742e-03
7.763914859008719921e+08 -2.130396431311964989e-03 1.506417756900191307e-03
7.763918859008719921e+08 -1.058851485140621662e-03 1.058851485140621662e-03
7.763922859008719921e+08 2.729999832808971405e-03 3.934365697205066681e-03
7.763926859008719921e+08 -6.332124583423137665e-03 2.585079055279493332e-03
7.763930859008719921e+08 6.492245942354202271e-03 5.439776461571455002e-03
7.763934859008719921e+08 -4.459260962903499603e-04 4.326900932937860489e-03
7.763938859008719921e+08 -1.060475828126072884e-03 1.060475828126072884e-03
7.763942859008719921e+08 -2.123811515048146248e-03 1.501761609688401222e-03
7.763946859008719921e+08 2.294114790856838226e-03 5.888152401894330978e-03
7.763950859008719921e+08 4.414770752191543579e-03 5.681827198714017868e-03
7.763954859008719921e+08 -2.568719442933797836e-03 4.597684834152460098e-03
7.763958859008719921e+08 5.430560093373060226e-03 5.534032825380563736e-03
7.763962859008719921e+08 2.285878406837582588e-03 5.867011845111846924e-03
7.763966859008719921e+08 5.050810053944587708e-03 7.110890001058578491e-03
7.763970859008719921e+08 -3.689663950353860855e-03 4.797101486474275589e-03
7.763974859008719921e+08 4.454344976693391800e-03 5.732759367674589157e-03
7.763978859008719921e+08 -2.562715904787182808e-03 4.586939699947834015e-03
7.763982859008719921e+08 1.671616802923381329e-03 4.076244775205850601e-03
7.763986859008719921e+08 -1.512040500529110432e-03 4.484767094254493713e-03
7.763990859008719921e+08 -3.172096330672502518e-03 1.831410569138824940e-03
7.763994859008719921e+08 -3.160364460200071335e-03 1.824637176468968391e-03
7.763998859008719921e+08 1.663262140937149525e-03 4.055872093886137009e-03
7.764002859008719921e+08 -1.059386995621025562e-03 1.059386995621025562e-03
7.764006859008719921e+08 -1.058656023815274239e-03 1.058656023815274239e-03
7.764010859008719921e+08 -3.178636077791452408e-03 1.835186383686959743e-03
7.764014859008719921e+08 1.677162246778607368e-03 4.089767578989267349e-03
7.764018859008719921e+08 1.672352314926683903e-03 4.078038502484560013e-03
7.764022859008719921e+08 1.665979740209877491e-03 4.062498919665813446e-03
7.764026859008719921e+08 -3.171527758240699768e-03 1.831082394346594810e-03
7.764030859008719921e+08 4.393738694489002228e-03 5.654758773744106293e-03
7.764034859008719921e+08 6.118920864537358284e-04 4.210846032947301865e-03
7.764038859008719921e+08 2.300482941791415215e-03 5.904496647417545319e-03
7.764042859008719921e+08 9.429163299500942230e-03 9.063997305929660797e-03
7.764046859008719921e+08 1.647710887482389808e-04 6.062057800590991974e-03
7.764050859008719921e+08 4.619272425770759583e-03 8.383443579077720642e-03
7.764054859008719921e+08 2.289463300257921219e-03 5.876213312149047852e-03
7.764058859008719921e+08 -1.501972554251551628e-03 4.454905167222023010e-03
7.764062859008719921e+08 -3.628377104178071022e-03 4.717419855296611786e-03
7.764066859008719921e+08 -1.513298368081450462e-03 4.488497972488403320e-03
7.764070859008719921e+08 6.127562955953180790e-04 4.216792993247509003e-03
7.764074859008719921e+08 1.674417871981859207e-03 4.083075094968080521e-03
7.764078859008719921e+08 6.099886959418654442e-04 4.197747446596622467e-03
7.764082859008719921e+08 1.684632850810885429e-03 4.107984714210033417e-03
7.764086859008719921e+08 2.798364963382482529e-03 4.032890778034925461e-03
7.764090859008719921e+08 3.408071817830204964e-03 5.876480601727962494e-03
7.764094859008719921e+08 7.879104465246200562e-03 8.222168311476707458e-03
7.764098859008719921e+08 4.452068358659744263e-03 5.729829426854848862e-03
7.764102859008719921e+08 -3.182794665917754173e-03 1.837587333284318447e-03
7.764106859008719921e+08 6.160275661386549473e-04 4.239304922521114349e-03
7.764110859008719921e+08 6.133852875791490078e-04 4.221121314913034439e-03
7.764114859008719921e+08 -1.530262175947427750e-03 4.538813140243291855e-03
7.764118859008719921e+08 3.385007614269852638e-03 5.836711265146732330e-03
7.764122859008719921e+08 1.673513674177229404e-03 4.080870654433965683e-03
7.764126859008719921e+08 3.808804089203476906e-03 3.808804089203476906e-03
7.764130859008719921e+08 8.281264454126358032e-03 6.890458986163139343e-03
7.764134859008719921e+08 0.000000000000000000e+00 0.000000000000000000e+00
7.764138859008719921e+08 -2.112235641106963158e-03 1.493576215580105782e-03
7.764142859008719921e+08 2.742286771535873413e-03 3.952072933316230774e-03
7.764146859008719921e+08 -1.512678107246756554e-03 4.486658144742250443e-03
7.764150859008719921e+08 -3.197597572579979897e-03 1.846133731305599213e-03
7.764154859008719921e+08 -3.191884374246001244e-03 1.842835335992276669e-03
7.764158859008719921e+08 2.234488353133201599e-02 1.027286984026432037e-02
7.764162859008719921e+08 1.093354541808366776e-02 7.878492586314678192e-03
7.764166859008719921e+08 8.190901018679141998e-03 6.815270986407995224e-03
7.764170859008719921e+08 1.027401722967624664e-02 6.625792477279901505e-03
7.764174859008719921e+08 2.548514679074287415e-02 1.008894946426153183e-02
7.764178859008719921e+08 4.242745786905288696e-02 1.329589728266000748e-02
7.764182859008719921e+08 6.155702471733093262e-02 1.581230945885181427e-02
7.764186859008719921e+08 5.856211856007575989e-02 1.524448487907648087e-02
7.764190859008719921e+08 5.765625089406967163e-02 1.532229129225015640e-02
7.764194859008719921e+08 5.685720965266227722e-02 1.468046847730875015e-02
7.764198859008719921e+08 9.611968696117401123e-02 1.956645771861076355e-02
7.764202859008719921e+08 1.054685860872268677e-01 2.016073837876319885e-02
7.764206859008719921e+08 7.865964621305465698e-02 1.841323822736740112e-02
7.764210859008719921e+08 9.031255543231964111e-02 1.902595162391662598e-02
7.764214859008719921e+08 8.667538315057754517e-02 1.867747306823730469e-02
7.764218859008719921e+08 1.005256325006484985e-01 1.981228031218051910e-02
7.764222859008719921e+08 5.540435388684272766e-02 1.536092441529035568e-02
7.764226859008719921e+08 9.531115740537643433e-02 1.940187066793441772e-02
7.764230859008719921e+08 1.309997290372848511e-01 2.255259081721305847e-02
7.764234859008719921e+08 7.214763015508651733e-02 1.655180193483829498e-02
7.764238859008719921e+08 8.817240595817565918e-02 1.874058134853839874e-02
7.764242859008719921e+08 7.454778254032135010e-02 1.693865098059177399e-02
7.764246859008719921e+08 5.735088884830474854e-02 1.524114049971103668e-02
7.764250859008719921e+08 6.816105544567108154e-02 1.675102487206459045e-02
7.764254859008719921e+08 6.064723432064056396e-02 1.516180858016014099e-02
7.764258859008719921e+08 4.995736852288246155e-02 1.432073581963777542e-02
7.764262859008719921e+08 3.575602918863296509e-02 1.206979248672723770e-02
7.764266859008719921e+08 6.774669140577316284e-02 1.664919219911098480e-02
7.764270859008719921e+08 3.572648018598556519e-02 1.205981709063053131e-02
7.764274859008719921e+08 4.032200574874877930e-02 1.338703744113445282e-02
7.764278859008719921e+08 1.792069338262081146e-02 8.555006235837936401e-03
7.764282859008719921e+08 4.050401598215103149e-02 1.257526036351919174e-02
7.764286859008719921e+08 3.747579827904701233e-02 1.275524497032165527e-02
7.764290859008719921e+08 3.572072833776473999e-02 1.205787621438503265e-02
7.764294859008719921e+08 1.957939378917217255e-02 9.471628814935684204e-03
7.764298859008719921e+08 1.787716336548328400e-02 8.534225635230541229e-03
7.764302859008719921e+08 1.414869166910648346e-02 7.679758127778768539e-03
7.764306859008719921e+08 2.811785042285919189e-02 1.079191174358129501e-02
7.764310859008719921e+08 2.445520088076591492e-02 1.015695091336965561e-02
7.764314859008719921e+08 2.441893331706523895e-02 1.014188770204782486e-02
7.764318859008719921e+08 1.574630662798881531e-02 8.656998164951801300e-03
7.764322859008719921e+08 1.963735930621623993e-02 9.499670937657356262e-03
7.764326859008719921e+08 1.403771061450242996e-02 7.619518786668777466e-03
7.764330859008719921e+08 9.205687791109085083e-03 6.700096186250448227e-03
7.764334859008719921e+08 -3.625444835051894188e-03 4.713607020676136017e-03
7.764338859008719921e+08 7.132379338145256042e-03 6.897793617099523544e-03
7.764342859008719921e+08 0.000000000000000000e+00 0.000000000000000000e+00
7.764346859008719921e+08 6.533761043101549149e-03 5.474561359733343124e-03
7.764350859008719921e+08 4.408492706716060638e-03 5.673747044056653976e-03
7.764354859008719921e+08 1.800406910479068756e-02 8.594808168709278107e-03
7.764358859008719921e+08 1.412713993340730667e-02 7.668060250580310822e-03
7.764362859008719921e+08 6.549028214067220688e-03 5.487353540956974030e-03
7.764366859008719921e+08 9.843491949141025543e-03 7.925696671009063721e-03
7.764370859008719921e+08 6.076456047594547272e-03 6.982604973018169403e-03
7.764374859008719921e+08 6.149476976133882999e-04 4.231873434036970139e-03
7.764378859008719921e+08 3.346794750541448593e-03 5.770821124315261841e-03
7.764382859008719921e+08 -3.170027164742350578e-03 1.830216031521558762e-03
7.764386859008719921e+08 2.717434661462903023e-03 3.916257061064243317e-03
7.764390859008719921e+08 -2.130885841324925423e-03 1.506763743236660957e-03
7.764394859008719921e+08 5.513295531272888184e-03 5.618344526737928391e-03
7.764398859008719921e+08 6.140718469396233559e-04 4.225846379995346069e-03
7.764402859008719921e+08 6.536331493407487869e-03 5.476715508848428726e-03
7.764406859008719921e+08 -3.169441828504204750e-03 1.829878077842295170e-03
7.764410859008719921e+08 -2.136913826689124107e-03 1.511026290245354176e-03
7.764414859008719921e+08 -6.368100177496671677e-03 2.599766012281179428e-03
7.764418859008719921e+08 2.735295332968235016e-03 3.941997420042753220e-03
7.764422859008719921e+08 0.000000000000000000e+00 0.000000000000000000e+00
7.764426859008719921e+08 -4.474734014365822077e-04 4.341914784163236618e-03
7.764430859008719921e+08 -3.167108166962862015e-03 1.828530803322792053e-03
7.764434859008719921e+08 -4.230027087032794952e-03 2.115013543516397476e-03
7.764438859008719921e+08 9.242535568773746490e-03 6.726915482431650162e-03
7.764442859008719921e+08 -2.139857737347483635e-03 1.513107796199619770e-03
7.764446859008719921e+08 6.145666120573878288e-04 4.229251295328140259e-03
7.764450859008719921e+08 -1.057423185557126999e-03 1.057423185557126999e-03
7.764454859008719921e+08 -1.059282105416059494e-03 1.059282105416059494e-03
7.764458859008719921e+08 -1.055425731465220451e-03 1.055425731465220451e-03
7.764462859008719921e+08 1.678079017437994480e-03 4.092002753168344498e-03
7.764466859008719921e+08 -3.176855621859431267e-03 1.834158552810549736e-03
7.764470859008719921e+08 3.814391326159238815e-03 3.814391326159238815e-03
7.764474859008719921e+08 -4.500060167629271746e-04 4.366489592939615250e-03
7.764478859008719921e+08 -1.061119837686419487e-03 1.061119837686419487e-03
7.764482859008719921e+08 6.101534818299114704e-04 4.198881331831216812e-03
7.764486859008719921e+08 -2.113024704158306122e-03 1.494134077802300453e-03
7.764490859008719921e+08 9.253545664250850677e-03 6.734928116202354431e-03
7.764494859008719921e+08 1.669728429988026619e-03 4.071640316396951675e-03
7.764498859008719921e+08 -4.225587937980890274e-03 2.112793968990445137e-03
7.764502859008719921e+08 -3.170378273352980614e-03 1.830418827012181282e-03
7.764506859008719921e+08 -4.228128585964441299e-03 2.114064292982220650e-03
7.764510859008719921e+08 4.386535845696926117e-03 5.645488854497671127e-03
7.764514859008719921e+08 2.719021635130047798e-03 3.918544389307498932e-03
7.764518859008719921e+08 5.470565054565668106e-03 5.574800074100494385e-03
7.764522859008719921e+08 6.496141664683818817e-03 5.443040281534194946e-03
7.764526859008719921e+08 -1.058679888956248760e-03 1.058679888956248760e-03
7.764530859008719921e+08 1.681539579294621944e-03 4.100441467016935349e-03
7.764534859008719921e+08 3.329383675009012222e-03 5.740799475461244583e-03
7.764538859008719921e+08 -5.294597242027521133e-03 2.367815934121608734e-03
7.764542859008719921e+08 2.734736073762178421e-03 3.941191360354423523e-03
7.764546859008719921e+08 7.555083371698856354e-03 5.342250689864158630e-03
7.764550859008719921e+08 -2.113955561071634293e-03 1.494792290031909943e-03
7.764554859008719921e+08 -2.557422732934355736e-03 4.577465355396270752e-03
7.764558859008719921e+08 5.456849001348018646e-03 5.560822784900665283e-03
7.764562859008719921e+08 -2.113719703629612923e-03 1.494625583291053772e-03
7.764566859008719921e+08 -1.057121087796986103e-03 1.057121087796986103e-03
7.764570859008719921e+08 1.677691936492919922e-03 4.091059323400259018e-03
7.764574859008719921e+08 0.000000000000000000e+00 0.000000000000000000e+00
7.764578859008719921e+08 6.502430420368909836e-03 5.448309704661369324e-03
7.764582859008719921e+08 6.152903079055249691e-04 4.234231542795896530e-03
7.764586859008719921e+08 5.444173235446214676e-03 5.547905340790748596e-03
7.764590859008719921e+08 -1.059308880940079689e-03 1.059308880940079689e-03
7.764594859008719921e+08 5.493717733770608902e-03 5.598393734544515610e-03
7.764598859008719921e+08 1.132557261735200882e-02 6.538822315633296967e-03
7.764602859008719921e+08 0.000000000000000000e+00 0.000000000000000000e+00
7.764606859008719921e+08 6.509014870971441269e-03 5.453826859593391418e-03
7.764610859008719921e+08 -5.278902594000101089e-03 2.360797021538019180e-03
7.764614859008719921e+08 -2.116923686116933823e-03 1.496891141869127750e-03
7.764618859008719921e+08 -6.335887126624584198e-03 2.586615271866321564e-03
7.764622859008719921e+08 3.333404194563627243e-03 5.747732240706682205e-03
7.764626859008719921e+08 1.665313262492418289e-03 4.060873761773109436e-03
7.764630859008719921e+08 -2.113748574629426003e-03 1.494645955972373486e-03
7.764634859008719921e+08 2.719542942941188812e-03 3.919295500963926315e-03
7.764638859008719921e+08 1.660937792621552944e-03 4.050204064697027206e-03
7.764642859008719921e+08 -3.206122433766722679e-03 1.851055654697120190e-03
7.764646859008719921e+08 5.454080179333686829e-03 5.558001343160867691e-03
7.764650859008719921e+08 -3.171710995957255363e-03 1.831188215874135494e-03
7.764654859008719921e+08 4.390720743685960770e-03 5.650874692946672440e-03
7.764658859008719921e+08 -1.056508161127567291e-03 1.056508161127567291e-03
7.764662859008719921e+08 1.670383382588624954e-03 4.073237068951129913e-03
7.764666859008719921e+08 -3.169918432831764221e-03 1.830153283663094044e-03
7.764670859008719921e+08 -1.056954730302095413e-03 1.056954730302095413e-03
7.764674859008719921e+08 6.494625471532344818e-03 5.441769957542419434e-03
7.764678859008719921e+08 6.123045459389686584e-04 4.213684238493442535e-03
7.764682859008719921e+08 0.000000000000000000e+00 0.000000000000000000e+00
7.764686859008719921e+08 -4.489015846047550440e-04 4.355772864073514938e-03
7.764690859008719921e+08 4.384355153888463974e-03 5.642682313919067383e-03
7.764694859008719921e+08 0.000000000000000000e+00 0.000000000000000000e+00
7.764698859008719921e+08 3.778923302888870239e-03 3.778923302888870239e-03
7.764702859008719921e+08 -4.218893125653266907e-03 2.109446562826633453e-03
7.764706859008719921e+08 1.679206965491175652e-03 4.094753414392471313e-03
7.764710859008719921e+08 3.781681414693593979e-03 3.781681414693593979e-03
7.764714859008719921e+08 1.029873453080654144e-02 6.641732994467020035e-03
7.764718859008719921e+08 -4.480480274651199579e-04 4.347490612417459488e-03
7.764722859008719921e+08 -2.111796056851744652e-03 1.493265270255506039e-03
7.764726859008719921e+08 -1.058063469827175140e-03 1.058063469827175140e-03
7.764730859008719921e+08 0.000000000000000000e+00 0.000000000000000000e+00
7.764734859008719921e+08 2.726620761677622795e-03 3.929495811462402344e-03
7.764738859008719921e+08 -2.136134309694170952e-03 1.510475063696503639e-03
7.764742859008719921e+08 -5.294706206768751144e-03 2.367864595726132393e-03
7.764746859008719921e+08 6.078164442442357540e-04 4.182798322290182114e-03
7.764750859008719921e+08 -3.167666029185056686e-03 1.828852808102965355e-03
7.764754859008719921e+08 -2.108968794345855713e-03 1.491266069933772087e-03
7.764758859008719921e+08 6.522305309772491455e-03 5.464963149279356003e-03
7.764762859008719921e+08 -1.059914939105510712e-03 1.059914939105510712e-03
7.764766859008719921e+08 0.000000000000000000e+00 0.000000000000000000e+00
7.764770859008719921e+08 0.000000000000000000e+00 0.000000000000000000e+00
7.764774859008719921e+08 -4.206316545605659485e-03 2.103158272802829742e-03
7.764778859008719921e+08 -4.230651538819074631e-03 2.115325769409537315e-03
7.764782859008719921e+08 -1.057251472957432270e-03 1.057251472957432270e-03
7.764786859008719921e+08 -4.471330321393907070e-04 4.338612314313650131e-03
7.764790859008719921e+08 3.776058088988065720e-03 3.776058088988065720e-03
7.764794859008719921e+08 -1.515022013336420059e-03 4.493610002100467682e-03
7.764798859008719921e+08 5.021395161747932434e-03 7.069477811455726624e-03
7.764802859008719921e+08 5.439959466457366943e-03 5.543611012399196625e-03
7.764806859008719921e+08 1.665771356783807278e-03 4.061990883201360703e-03
7.764810859008719921e+08 1.225510961376130581e-03 5.963438190519809723e-03
7.764814859008719921e+08 6.146440282464027405e-04 4.229784011840820312e-03
7.764818859008719921e+08 6.125114159658551216e-04 4.215107765048742294e-03
7.764822859008719921e+08 1.649474143050611019e-04 6.068544462323188782e-03
7.764826859008719921e+08 1.299322210252285004e-02 7.698178291320800781e-03
7.764830859008719921e+08 2.275862731039524078e-03 5.841305479407310486e-03
7.764834859008719921e+08 -1.505003077909350395e-03 4.463893827050924301e-03
7.764838859008719921e+08 6.091397954151034355e-04 4.191905725747346878e-03
7.764842859008719921e+08 -3.184068948030471802e-03 1.838323078118264675e-03
7.764846859008719921e+08 -2.102133352309465408e-03 1.486432738602161407e-03
7.764850859008719921e+08 -6.351970601826906204e-03 2.593181328848004341e-03
7.764854859008719921e+08 1.662530470639467239e-03 4.054088145494461060e-03
7.764858859008719921e+08 -6.364728789776563644e-03 2.598389517515897751e-03
7.764862859008719921e+08 1.640433765714988112e-04 6.035284604877233505e-03
7.764866859008719921e+08 5.513827316462993622e-03 7.946305908262729645e-03
