# time rate rate_error
0.000000 -0.000069 0.075741
0.027778 0.070764 0.040461
0.055556 -0.006548 0.040971
0.083333 0.077204 0.045079
0.111111 0.032180 0.026943
0.138889 -0.003640 0.032207
0.166667 0.028933 0.030709
0.194444 0.035366 0.036579
0.222222 0.045027 0.033140
0.250000 0.054681 0.032660
0.277778 0.080504 0.037427
0.305556 0.086856 0.037107
0.333333 0.041792 0.030004
0.361111 0.028951 0.027130
0.388889 0.023144 0.024090
0.416667 0.083766 0.034402
0.444444 0.041826 0.030029
0.472222 0.038605 0.030202
0.500000 0.064362 0.035269
0.527778 0.125512 0.045639
0.555556 0.209194 0.055285
0.583333 0.383116 0.073493
0.611111 0.422123 0.078213
0.638889 0.701744 0.098806
0.666667 0.676005 0.094952
0.694444 0.624627 0.092542
0.722222 0.453684 0.081347
0.750000 0.318770 0.066071
0.777778 0.354056 0.071257
0.805556 0.415430 0.074211
0.833333 0.264563 0.064478
0.861111 0.168073 0.056899
0.888889 0.073990 0.045199
0.916667 0.093345 0.036846
0.944444 0.096537 0.039421
0.972222 0.077012 0.038038
1.000000 0.079631 0.045628
1.027778 0.019296 0.023659
1.055556 0.135223 0.049689
1.083333 0.064375 0.035276
1.111111 0.019286 0.031242
1.138889 0.045007 0.036126
1.166667 0.077250 0.037552
1.194444 0.048280 0.029687
1.222222 -0.006449 0.004560
1.250000 0.006420 0.019853
1.277778 0.109458 0.038902
1.305556 0.035383 0.026733
1.333333 0.148078 0.044839
1.361111 0.032217 0.022786
1.388889 0.048241 0.032978
1.416667 0.099781 0.039298
1.444444 0.057981 0.029173
1.472222 0.045051 0.029857
1.500000 0.035382 0.026733
1.527778 -0.006445 0.004557
1.555556 0.012863 0.019316
1.583333 0.038620 0.022297
1.611111 -0.003223 0.003223
1.638889 0.045101 0.026176
1.666667 0.025754 0.023228
1.694444 0.083654 0.034356
1.722222 0.054721 0.029332
1.750000 0.016054 0.027874
1.777778 0.109520 0.041511
1.805556 0.048273 0.029682
1.833333 0.019298 0.023662
1.861111 0.025741 0.018202
1.888889 0.041823 0.026341
1.916667 0.035400 0.026747
1.944444 0.077264 0.031543
1.972222 0.054683 0.029311
2.000000 0.061128 0.028957
2.027778 0.090128 0.034065
2.055556 0.074039 0.031706
2.083333 0.035382 0.026733
2.111111 0.083670 0.034363
2.138889 0.025743 0.023218
2.166667 0.112648 0.038757
2.194444 0.061161 0.032361
2.222222 0.080461 0.034519
2.250000 0.045039 0.029849
2.277778 0.035386 0.022521
2.305556 0.003208 0.014027
2.333333 0.035386 0.026736
2.361111 0.022509 0.027513
2.388889 0.093365 0.039573
2.416667 0.119090 0.041097
2.444444 0.074047 0.034833
2.472222 0.048268 0.025946
2.500000 0.038616 0.030211
2.527778 0.048262 0.032992
2.555556 0.032163 0.026928
2.583333 0.025757 0.018213
2.611111 0.025743 0.023218
2.638889 0.003209 0.014033
2.666667 0.054734 0.029339
2.694444 0.035410 0.022536
2.722222 0.022516 0.023436
2.750000 0.003209 0.014034
2.777778 0.061180 0.028982
2.805556 0.070812 0.031868
2.833333 -0.003223 0.003223
2.861111 0.057927 0.029146
2.888889 0.054723 0.029333
2.916667 0.028958 0.022987
2.944444 0.077269 0.031545
2.972222 0.148008 0.047077
3.000000 0.148078 0.047099
3.027778 0.283129 0.062058
3.055556 0.257565 0.059370
3.083333 0.427978 0.075262
3.111111 0.650308 0.092077
3.138889 0.656679 0.093076
3.166667 0.469904 0.078443
3.194444 0.524391 0.082462
3.222222 0.447288 0.076218
3.250000 0.283238 0.062082
3.277778 0.328346 0.065816
3.305556 0.196370 0.051811
3.333333 0.099832 0.036578
3.361111 0.141555 0.045045
3.388889 0.019290 0.023652
3.416667 0.112702 0.038776
3.444444 0.073970 0.034797
3.472222 0.048260 0.025941
3.500000 0.045086 0.026167
3.527778 0.067599 0.032034
3.555556 0.016093 0.019055
3.583333 0.019303 0.018767
3.611111 0.045071 0.026159
3.638889 0.045067 0.026157
3.666667 0.035391 0.022524
3.694444 0.048285 0.025955
3.722222 0.006431 0.013658
3.750000 0.025729 0.023205
3.777778 0.028961 0.022990
3.805556 0.045068 0.026157
3.833333 0.057951 0.032528
3.861111 0.003211 0.014041
3.888889 0.025729 0.023206
3.916667 0.009653 0.013272
3.944444 0.045079 0.026163
3.972222 0.048257 0.029672
4.000000 0.035405 0.022533
4.027778 0.057901 0.029133
4.055556 0.025748 0.018207
4.083333 0.016083 0.019043
4.111111 0.032201 0.022775
4.138889 0.045059 0.026152
4.166667 0.022538 0.018499
4.194444 0.035412 0.022537
4.222222 0.073961 0.034792
4.250000 0.028961 0.022990
4.277778 0.038609 0.026542
4.305556 0.073993 0.034807
4.333333 0.003210 0.014036
4.361111 0.061156 0.032358
4.388889 -0.006470 0.020865
4.416667 0.045047 0.026145
4.444444 0.035397 0.022528
4.472222 0.009927 0.013649
4.500000 0.022545 0.018505
4.527778 0.074046 0.031709
4.555556 0.041831 0.026346
4.583333 0.016080 0.019040
4.611111 0.112677 0.038767
4.638889 0.057950 0.029157
4.666667 0.041815 0.026336
4.694444 0.032199 0.022774
4.722222 0.061159 0.032360
4.750000 0.067619 0.032044
4.777778 0.038631 0.026557
4.805556 0.032184 0.022763
4.833333 0.048300 0.025962
4.861111 0.028974 0.023000
4.888889 0.057961 0.029163
4.916667 0.035391 0.026740
4.944444 0.038647 0.022313
4.972222 0.022506 0.023426
5.000000 0.019306 0.018769
5.027778 0.045055 0.026150
5.055556 0.025750 0.018208
5.083333 0.048262 0.025942
5.111111 0.003209 0.014034
5.138889 0.051484 0.025742
5.166667 0.074017 0.031697
5.194444 0.045043 0.026143
5.222222 0.016085 0.019045
5.250000 0.035399 0.022529
5.277778 0.083735 0.034389
5.305556 0.096597 0.036715
5.333333 0.064379 0.028791
5.361111 0.196331 0.051801
5.388889 0.212595 0.055237
5.416667 0.257616 0.057605
5.444444 0.537784 0.083542
5.472222 0.598918 0.089587
5.500000 0.608336 0.090530
5.527778 0.563331 0.085472
5.555556 0.450937 0.077574
5.583333 0.338043 0.067149
5.611111 0.357187 0.068187
5.638889 0.283261 0.062087
5.666667 0.215703 0.055113
5.694444 0.128897 0.043239
5.722222 0.115913 0.041239
5.750000 0.090115 0.034060
5.777778 0.074098 0.031731
5.805556 0.080582 0.036264
5.833333 0.077355 0.031580
5.861111 0.057952 0.029158
5.888889 0.067561 0.032016
5.916667 0.022514 0.023434
5.944444 0.038600 0.026536
5.972222 0.028964 0.022992
6.000000 0.057914 0.029139
6.027778 0.086931 0.034227
6.055556 0.038604 0.026539
6.083333 0.045081 0.026164
6.111111 -0.016113 0.007206
6.138889 0.061203 0.028993
6.166667 0.048265 0.029677
6.194444 0.009650 0.013268
6.222222 0.038621 0.026551
6.250000 0.074041 0.031707
6.277778 0.016089 0.019050
6.305556 0.061150 0.028968
6.333333 0.041815 0.026336
6.361111 0.032188 0.022766
6.388889 0.054706 0.029324
6.416667 0.054695 0.029318
6.444444 0.051479 0.029497
6.472222 -0.019346 0.007898
6.500000 0.019304 0.018768
6.527778 0.028951 0.022982
6.555556 0.070825 0.031873
6.583333 0.025738 0.023213
6.611111 0.093310 0.036832
6.638889 0.083665 0.034361
6.666667 0.032187 0.022765
6.694444 0.096567 0.036704
6.722222 0.032185 0.022764
6.750000 0.025753 0.018210
6.777778 -0.003236 0.014760
6.805556 -0.000013 0.014411
6.833333 0.074052 0.031712
6.861111 0.051527 0.025763
6.888889 0.028964 0.022992
6.916667 0.061167 0.028976
6.944444 0.019301 0.018764
6.972222 0.090136 0.034068
7.000000 0.028952 0.022982
7.027778 0.019311 0.018774
7.055556 0.032178 0.022759
7.083333 0.035400 0.022530
7.111111 0.074059 0.031715
7.138889 0.006430 0.013655
7.166667 0.025740 0.018201
7.194444 0.125506 0.040835
7.222222 0.051508 0.025754
7.250000 0.012873 0.019331
7.277778 0.025661 0.024948
7.305556 0.061165 0.028975
7.333333 0.051540 0.025770
7.361111 0.009655 0.013275
7.388889 0.061108 0.032333
7.416667 0.080470 0.034523
7.444444 0.028970 0.022996
7.472222 0.045046 0.026144
7.500000 0.013138 0.013138
7.527778 0.022475 0.021850
7.555556 0.057909 0.029137
7.583333 0.074028 0.031701
7.611111 0.051518 0.029519
7.638889 0.067590 0.032030
7.666667 0.016081 0.019040
7.694444 0.025742 0.018202
7.722222 -0.003221 0.003221
7.750000 0.048277 0.025950
7.777778 0.054737 0.029340
7.805556 0.032168 0.022752
7.833333 0.186660 0.050067
7.861111 0.096563 0.036703
7.888889 0.202891 0.053605
7.916667 0.241530 0.056243
7.944444 0.363928 0.069600
7.972222 0.453926 0.077467
8.000000 0.485934 0.080713
8.027778 0.630490 0.091214
8.055556 0.289973 0.061977
8.083333 0.238322 0.056339
8.111111 0.225346 0.056686
8.138889 0.254515 0.057723
8.166667 0.206010 0.053481
8.194444 0.109462 0.038904
8.222222 0.115859 0.038620
8.250000 0.032147 0.022737
8.277778 0.057960 0.029162
8.305556 0.115854 0.038618
8.333333 0.019304 0.018767
8.361111 0.019307 0.023673
8.388889 0.012873 0.012873
8.416667 0.057965 0.029165
8.444444 0.045054 0.026149
8.472222 0.003210 0.014035
8.500000 0.022532 0.018494
8.527778 0.048268 0.025946
8.555556 0.035414 0.022539
8.583333 0.041875 0.026374
8.611111 0.038626 0.022301
8.638889 0.003212 0.014045
8.666667 0.012881 0.012881
8.694444 0.061143 0.028964
8.722222 0.025773 0.018224
8.750000 -0.003237 0.014762
8.777778 0.012863 0.019316
8.805556 0.051520 0.025760
8.833333 0.054725 0.029334
8.861111 0.064368 0.032192
8.888889 0.025763 0.018217
8.916667 0.006431 0.013657
8.944444 0.045084 0.026166
8.972222 0.048296 0.025961
9.000000 0.025747 0.018206
9.027778 0.061151 0.028968
9.055556 0.057956 0.029161
9.083333 0.045020 0.026129
9.111111 0.035416 0.026759
9.138889 0.009650 0.013268
9.166667 0.003210 0.014038
9.194444 0.057943 0.029154
9.222222 0.086877 0.034206
9.250000 0.003208 0.014029
9.277778 0.041888 0.026382
9.305556 0.048284 0.025954
9.333333 0.080459 0.034518
9.361111 0.048247 0.029666
9.388889 0.070782 0.031854
9.416667 0.009636 0.019573
9.444444 0.028971 0.022997
9.472222 0.061146 0.028966
9.500000 0.045078 0.026163
9.527778 0.048285 0.029690
9.555556 0.012878 0.012878
9.583333 0.061147 0.028966
9.611111 0.032174 0.022756
9.638889 0.016098 0.019061
9.666667 -0.003237 0.014763
9.694444 0.048265 0.025944
9.722222 0.012863 0.019316
9.750000 0.115925 0.041244
9.777778 -0.003225 0.003225
9.805556 0.041861 0.026365
9.833333 0.054732 0.029338
9.861111 0.038598 0.022285
9.888889 0.006434 0.013664
9.916667 0.032178 0.022759
9.944444 0.041833 0.026347
9.972222 0.016080 0.019039
10.000000 0.074054 0.031712
10.027778 0.022528 0.018491
10.055556 0.057959 0.029162
10.083333 0.022534 0.018496
10.111111 0.028958 0.022987
10.138889 0.048295 0.025960
10.166667 0.074048 0.031710
10.194444 0.074058 0.031714
10.222222 0.177173 0.048321
10.250000 0.328387 0.065824
10.277778 0.421823 0.074061
10.305556 0.431510 0.075247
10.333333 0.662896 0.092932
10.361111 0.707977 0.096545
10.388889 0.630624 0.091233
10.416667 0.666047 0.092867
10.444444 0.370381 0.069452
10.472222 0.334863 0.067235
10.500000 0.199457 0.051676
10.527778 0.196332 0.051801
10.555556 0.202725 0.051587
10.583333 0.193214 0.051929
10.611111 0.122276 0.040959
10.638889 0.067607 0.032038
10.666667 0.070813 0.031868
10.694444 0.035425 0.022546
10.722222 0.064371 0.028788
10.750000 0.086869 0.034203
10.777778 0.125532 0.040843
10.805556 0.019323 0.018786
10.833333 0.006433 0.013662
10.861111 0.141570 0.042685
10.888889 0.028946 0.022977
10.916667 0.080468 0.034522
10.944444 0.009660 0.013282
10.972222 0.009652 0.013271
11.000000 0.022528 0.018491
11.027778 0.025748 0.018206
11.055556 0.028981 0.023005
11.083333 0.045042 0.026142
11.111111 0.038606 0.022289
11.138889 0.032212 0.022783
11.166667 0.038646 0.022312
11.194444 0.012862 0.019315
11.222222 0.016081 0.019041
11.250000 0.096551 0.036698
11.277778 0.028991 0.023013
11.305556 0.054744 0.029344
11.333333 0.048294 0.025959
11.361111 0.086934 0.034228
11.388889 0.032190 0.022767
11.416667 0.054712 0.029327
11.444444 0.048257 0.029672
11.472222 0.028963 0.022991
11.500000 0.038659 0.026577
11.527778 0.077280 0.031550
11.555556 0.012872 0.019330
11.583333 0.028982 0.023006
11.611111 0.064386 0.032201
11.638889 0.077256 0.031539
11.666667 0.022534 0.018496
11.694444 0.057905 0.032503
11.722222 0.045140 0.026199
11.750000 0.051478 0.029496
11.777778 0.061161 0.028973
11.805556 0.054722 0.029332
11.833333 -0.003223 0.003223
11.861111 0.061160 0.028972
11.888889 0.016080 0.019039
11.916667 0.061145 0.032352
11.944444 0.064361 0.028783
11.972222 0.041861 0.026365
12.000000 0.009659 0.013281
12.027778 0.035395 0.026743
12.055556 0.032200 0.022774
12.083333 0.032204 0.022777
12.111111 0.032194 0.022770
12.138889 0.099761 0.039290
12.166667 0.041835 0.026348
12.194444 -0.003742 0.017066
12.222222 0.077286 0.031552
12.250000 0.083705 0.034377
12.277778 0.028948 0.022979
12.305556 0.048285 0.025955
12.333333 0.064368 0.028786
12.361111 0.022529 0.018492
12.388889 0.077195 0.031515
12.416667 0.041841 0.026352
12.444444 0.016085 0.019045
12.472222 0.051483 0.029500
12.500000 -0.003224 0.003224
12.527778 0.028949 0.022980
12.555556 0.035415 0.022540
12.583333 0.032189 0.022766
12.611111 0.025751 0.018209
12.638889 0.022537 0.018499
12.666667 0.012859 0.019311
12.694444 0.048258 0.025940
12.722222 0.061169 0.028977
12.750000 0.077263 0.034680
12.777778 0.151326 0.044731
12.805556 0.283383 0.060418
12.833333 0.344605 0.067017
12.861111 0.457274 0.077421
12.888889 0.495571 0.080516
12.916667 0.614764 0.089257
12.944444 0.447447 0.076245
12.972222 0.276741 0.060546
13.000000 0.318956 0.066110
13.027778 0.164115 0.046522
13.055556 0.212459 0.053287
13.083333 0.196424 0.051825
13.111111 0.090099 0.034054
13.138889 0.074030 0.031702
13.166667 0.099798 0.036566
13.194444 0.083720 0.034384
13.222222 0.019287 0.023648
13.250000 0.041836 0.026349
13.277778 0.070871 0.031894
13.305556 0.048283 0.025953
13.333333 0.086958 0.034238
13.361111 0.025744 0.018204
13.388889 0.080508 0.034539
13.416667 0.019291 0.018755
13.444444 0.083714 0.034381
13.472222 0.035433 0.022551
13.500000 0.022525 0.018488
13.527778 0.038605 0.026539
13.555556 0.064391 0.028797
13.583333 0.009637 0.019575
13.611111 0.016074 0.019032
13.638889 0.064345 0.028776
13.666667 0.022536 0.018498
13.694444 0.061158 0.028971
13.722222 0.067562 0.032017
13.750000 0.045058 0.026151
13.777778 0.048299 0.025962
13.805556 0.019312 0.018776
13.833333 0.099824 0.036575
13.861111 0.070764 0.031846
13.888889 0.057956 0.029160
13.916667 0.077233 0.031530
13.944444 0.009909 0.020128
13.972222 0.003211 0.014043
14.000000 0.009651 0.013269
14.027778 0.032205 0.022778
14.055556 0.048276 0.025950
14.083333 0.022526 0.018490
14.111111 0.051524 0.025762
14.138889 0.019845 0.019293
14.166667 0.064339 0.028773
14.194444 0.035422 0.022544
14.222222 0.019297 0.023661
14.250000 0.022501 0.023421
14.277778 0.073993 0.031686
14.305556 0.022526 0.018489
14.333333 0.038626 0.026553
14.361111 0.009648 0.013265
14.388889 0.009642 0.019585
14.416667 0.057923 0.029144
14.444444 0.038616 0.030211
14.472222 0.032200 0.022774
14.500000 0.028975 0.023001
14.527778 0.022532 0.018494
14.555556 0.057910 0.029137
14.583333 0.032204 0.022777
14.611111 -0.019351 0.007900
14.638889 0.035434 0.022551
14.666667 0.061138 0.028962
14.694444 0.067559 0.032016
14.722222 0.083757 0.034399
14.750000 0.016084 0.019044
14.777778 0.032205 0.022778
14.805556 0.086950 0.034235
14.833333 0.064382 0.028793
14.861111 0.019303 0.018767
14.888889 0.022517 0.018482
14.916667 0.038643 0.022311
14.944444 0.049622 0.026673
14.972222 0.051506 0.025753
15.000000 0.051495 0.025748
15.027778 0.070778 0.031852
15.055556 0.148053 0.044831
15.083333 0.260700 0.059262
15.111111 0.241408 0.058032
15.138889 0.508497 0.081547
15.166667 0.572956 0.086492
15.194444 0.598925 0.088420
15.222222 0.702609 0.095719
15.250000 0.634140 0.091219
15.277778 0.559724 0.085474
15.305556 0.308944 0.064688
15.333333 0.276799 0.060559
15.361111 0.302580 0.064865
15.388889 0.186629 0.050058
15.416667 0.099788 0.036562
15.444444 0.054730 0.029336
15.472222 0.102990 0.036412
15.500000 0.106133 0.038998
15.527778 0.056213 0.030132
15.555556 0.009644 0.019591
15.583333 0.062845 0.029771
15.611111 0.064410 0.028805
15.638889 0.048291 0.025958
15.666667 0.038618 0.022296
15.694444 0.035405 0.022533
15.722222 0.038609 0.026542
15.750000 0.045070 0.026158
15.777778 0.048318 0.025972
15.805556 0.051525 0.025762
15.833333 -0.003224 0.003224
15.861111 0.028959 0.022988
15.888889 0.019313 0.018776
15.916667 0.067612 0.032040
15.944444 0.032190 0.022767
15.972222 0.028964 0.022992
16.000000 0.077221 0.034661
16.027778 0.016088 0.019049
16.055556 0.048303 0.025964
16.083333 0.064465 0.028829
16.111111 0.035386 0.022521
16.138889 0.057976 0.029170
16.166667 0.019309 0.018773
16.194444 0.080459 0.034518
16.222222 0.019305 0.018769
16.250000 0.115970 0.038657
16.277778 0.006429 0.013654
16.305556 0.077252 0.034675
16.333333 0.035438 0.022554
16.361111 0.032177 0.026940
16.388889 0.048291 0.025958
16.416667 0.038626 0.022301
16.444444 0.051542 0.025771
16.472222 0.038614 0.022294
16.500000 -0.009664 0.005579
16.527778 0.022531 0.018494
16.555556 0.022515 0.023435
16.583333 0.051457 0.025729
16.611111 0.061166 0.032363
16.638889 0.045106 0.026179
16.666667 0.016084 0.019045
16.694444 0.035411 0.022537
16.722222 0.019323 0.018786
16.750000 0.051476 0.029495
16.777778 0.048296 0.025961
16.805556 0.003210 0.014037
16.833333 0.051510 0.025755
16.861111 0.045049 0.026146
16.888889 0.048271 0.029681
16.916667 0.012865 0.019319
16.944444 0.077200 0.034652
16.972222 0.012865 0.019320
17.000000 0.038622 0.022298
17.027778 0.061154 0.032357
17.055556 0.032186 0.022764
17.083333 0.041837 0.026350
17.111111 0.083697 0.034374
17.138889 0.019308 0.018771
17.166667 0.035418 0.022541
17.194444 0.038620 0.026550
17.222222 0.006435 0.013666
17.250000 0.009656 0.013276
17.277778 0.022538 0.018499
17.305556 0.016540 0.019585
17.333333 0.028966 0.022993
17.361111 0.038606 0.026540
17.388889 0.086877 0.034206
17.416667 0.012864 0.019317
17.444444 0.057931 0.029148
17.472222 0.009640 0.019582
17.500000 0.019318 0.018781
17.527778 0.025748 0.023223
17.555556 0.048250 0.025936
17.583333 0.067582 0.035121
17.611111 0.209350 0.053414
17.638889 0.350900 0.068369
17.666667 0.341211 0.067061
17.694444 0.392859 0.071862
17.722222 0.547293 0.084567
17.750000 0.444068 0.076286
17.777778 0.412314 0.072888
17.805556 0.238151 0.058113
17.833333 0.267030 0.059061
17.861111 0.196241 0.051777
17.888889 0.225446 0.054848
17.916667 0.131955 0.043063
17.944444 0.161017 0.046669
17.972222 0.057938 0.029151
18.000000 0.086889 0.034211
18.027778 0.067581 0.032026
18.055556 0.099779 0.039297
18.083333 0.067540 0.032006
18.111111 0.045031 0.026136
18.138889 0.012875 0.012875
18.166667 0.041854 0.026360
18.194444 0.070811 0.031867
18.222222 0.035417 0.022541
18.250000 0.012873 0.019331
18.277778 0.019311 0.018774
18.305556 0.041852 0.026359
18.333333 0.067557 0.032014
18.361111 0.019285 0.023646
18.388889 0.041865 0.026368
18.416667 0.041847 0.026356
18.444444 0.051495 0.025748
18.472222 0.019311 0.018775
18.500000 0.051512 0.025756
18.527778 0.022562 0.018519
18.555556 0.019284 0.023644
18.583333 0.022540 0.018501
18.611111 0.028970 0.022997
18.638889 0.003210 0.014036
18.666667 0.009654 0.013273
18.694444 0.051481 0.029499
18.722222 0.041862 0.026365
18.750000 0.019312 0.018776
18.777778 0.038639 0.026562
18.805556 0.061139 0.028962
18.833333 0.048298 0.025961
18.861111 0.019309 0.018772
18.888889 0.086897 0.034214
18.916667 0.038626 0.022301
18.944444 0.096595 0.036715
18.972222 0.074072 0.031720
19.000000 0.022534 0.018496
19.027778 0.019306 0.018770
19.055556 0.038648 0.022313
19.083333 0.032178 0.022759
19.111111 0.048314 0.029707
19.138889 0.028956 0.022986
19.166667 0.077255 0.034676
19.194444 0.054723 0.029333
19.222222 0.096534 0.036692
19.250000 0.099778 0.036558
19.277778 0.057932 0.029148
19.305556 0.057913 0.029139
19.333333 0.054728 0.029336
19.361111 0.025761 0.018216
19.388889 0.006418 0.019845
19.416667 0.022536 0.018498
19.444444 0.028996 0.023017
19.472222 0.049601 0.026662
19.500000 0.022534 0.018495
19.527778 0.064409 0.028805
19.555556 0.038621 0.022298
19.583333 0.035403 0.022532
19.611111 0.032209 0.022781
19.638889 0.048287 0.029691
19.666667 0.038640 0.022309
19.694444 0.022547 0.018507
19.722222 -0.000013 0.014405
19.750000 0.041823 0.026341
19.777778 0.077298 0.031557
19.805556 0.061217 0.028999
19.833333 0.032178 0.022759
19.861111 0.051485 0.025743
19.888889 0.099799 0.036566
19.916667 0.128797 0.040729
19.944444 0.247765 0.057832
19.972222 0.318514 0.066018
20.000000 0.653795 0.092058
20.027778 0.637662 0.092337
20.055556 0.679258 0.093801
20.083333 0.656707 0.093080
20.111111 0.515312 0.082744
20.138889 0.289777 0.061935
20.166667 0.244585 0.057932
20.194444 0.302682 0.063265
20.222222 0.183573 0.050207
20.250000 0.115854 0.041218
20.277778 0.157726 0.046761
20.305556 0.080494 0.034533
20.333333 0.102963 0.036403
20.361111 0.067608 0.032039
20.388889 0.128694 0.043171
20.416667 0.057935 0.029150
20.444444 0.041815 0.026336
20.472222 0.022517 0.023438
20.500000 0.032164 0.022749
20.527778 0.077230 0.034665
20.555556 0.028964 0.022992
20.583333 0.035398 0.022529
20.611111 0.035415 0.022540
20.638889 0.048339 0.025984
20.666667 0.048277 0.025950
20.694444 0.012863 0.019316
20.722222 0.025739 0.023215
20.750000 0.009641 0.019584
20.777778 0.041821 0.026340
20.805556 0.022526 0.018489
20.833333 0.045082 0.026165
20.861111 0.009650 0.013268
20.888889 0.070833 0.031877
20.916667 0.019300 0.018764
20.944444 0.019280 0.023639
20.972222 0.070845 0.031882
21.000000 0.064389 0.028796
21.027778 0.048314 0.025970
21.055556 0.070831 0.031876
21.083333 0.035391 0.022524
21.111111 0.045073 0.026160
21.138889 0.086972 0.034243
21.166667 0.045065 0.029866
21.194444 0.090096 0.034053
21.222222 0.051496 0.025748
21.250000 0.012880 0.012880
21.277778 0.016103 0.019067
21.305556 0.022530 0.023451
21.333333 0.025740 0.023215
21.361111 0.074040 0.031706
21.388889 0.080473 0.034524
21.416667 0.032190 0.026951
21.444444 0.022540 0.018501
21.472222 0.019317 0.018781
21.500000 0.038608 0.022290
21.527778 0.045082 0.026165
21.555556 0.019304 0.018767
21.583333 0.057951 0.029158
21.611111 0.038647 0.022313
21.638889 0.000000 0.000000
