# time rate rate_error
0.000000 1.051110 0.206672
0.027778 0.779157 0.105323
0.055556 0.607957 0.092937
0.083333 0.530337 0.089313
0.111111 0.509694 0.087076
0.138889 0.413468 0.077704
0.166667 0.348858 0.071446
0.194444 0.263113 0.061336
0.222222 0.082659 0.039763
0.250000 0.052380 0.038086
0.277778 0.014005 0.020420
0.305556 0.130339 0.046046
0.333333 0.030992 0.024346
0.361111 0.079987 0.045290
0.388889 0.116593 0.043941
0.416667 0.035027 0.032301
0.444444 0.089697 0.042321
0.472222 0.134210 0.050646
0.500000 0.056035 0.040852
0.527778 0.021369 0.029271
0.555556 0.062401 0.037671
0.583333 0.088918 0.036426
0.611111 0.047958 0.027706
0.638889 0.044658 0.027920
0.666667 0.023993 0.019602
0.694444 0.054953 0.031238
0.722222 0.065272 0.034249
0.750000 0.003678 0.014821
0.777778 0.024327 0.024782
0.805556 0.024326 0.024781
0.833333 0.099304 0.039065
0.861111 0.068250 0.030522
0.888889 0.027303 0.019306
0.916667 0.010329 0.014054
0.944444 0.058322 0.031085
0.972222 0.021008 0.025011
1.000000 -0.012959 0.016593
1.027778 0.076352 0.042822
1.055556 0.028738 0.036018
1.083333 0.014715 0.029645
1.111111 0.051992 0.034899
1.138889 0.116916 0.046481
1.166667 -0.002268 0.026515
1.194444 -0.012248 0.027143
1.222222 0.004735 0.030190
1.250000 -0.066216 0.021276
1.277778 0.008063 0.030017
1.305556 0.007358 0.020964
1.333333 0.017706 0.025264
1.361111 0.027657 0.024564
1.388889 0.024338 0.024793
1.416667 0.051648 0.031427
1.444444 0.010681 0.020692
1.472222 0.031336 0.028688
1.500000 0.068616 0.034097
1.527778 0.000353 0.015190
1.555556 0.051639 0.031421
1.583333 0.020659 0.019876
1.611111 0.034306 0.024109
1.638889 0.055322 0.034744
1.666667 0.004030 0.021217
1.694444 -0.012245 0.027136
1.722222 0.041651 0.031935
1.750000 0.119903 0.043810
1.777778 0.075318 0.033794
1.805556 0.075238 0.033758
1.833333 0.023987 0.019598
1.861111 0.000352 0.015185
1.888889 0.034306 0.024109
1.916667 0.024339 0.024795
1.944444 0.034667 0.028500
1.972222 0.054926 0.031223
2.000000 0.007709 0.025884
2.027778 0.007711 0.025892
2.055556 0.024347 0.024803
2.083333 0.000352 0.015183
2.111111 0.045019 0.031792
2.138889 0.037653 0.023893
2.166667 0.044646 0.027913
2.194444 0.061677 0.030921
2.222222 0.085630 0.036593
2.250000 0.194940 0.053223
2.277778 0.211739 0.054799
2.305556 0.505569 0.084434
2.333333 0.495174 0.083246
2.361111 0.747907 0.101351
2.388889 0.659071 0.095752
2.416667 0.761680 0.102283
2.444444 0.522798 0.085507
2.472222 0.441154 0.080136
2.500000 0.400227 0.076574
2.527778 0.236115 0.060155
2.555556 0.246235 0.059914
2.583333 0.154335 0.050046
2.611111 0.065291 0.034259
2.638889 0.058256 0.031050
2.666667 0.071963 0.033945
2.694444 0.092339 0.036312
2.722222 0.092252 0.036278
2.750000 0.044628 0.027902
2.777778 0.027665 0.024571
2.805556 0.031343 0.028695
2.833333 0.010327 0.014050
2.861111 -0.016270 0.016906
2.888889 0.030986 0.024341
2.916667 0.037640 0.023884
2.944444 0.051283 0.027505
2.972222 0.023985 0.019596
3.000000 0.030963 0.024323
3.027778 0.007006 0.014446
3.055556 0.030981 0.024337
3.083333 0.075248 0.033763
3.111111 0.027651 0.024559
3.138889 0.095576 0.036125
3.166667 0.051642 0.031423
3.194444 0.014359 0.025451
3.222222 0.041334 0.028120
3.250000 0.085716 0.036630
3.277778 -0.006651 0.004703
3.305556 0.034337 0.024130
3.333333 0.007355 0.020956
3.361111 0.032047 0.035843
3.388889 0.002115 0.037204
3.416667 0.027667 0.024573
3.444444 0.048306 0.031591
3.472222 0.010333 0.014060
3.500000 0.064933 0.030707
3.527778 0.030995 0.024348
3.555556 0.004384 0.026100
3.583333 -0.013307 0.006654
3.611111 0.041670 0.031949
3.638889 -0.002621 0.021741
3.666667 0.065322 0.034275
3.694444 0.068994 0.037340
3.722222 0.066007 0.040441
3.750000 0.005439 0.037048
3.777778 0.068647 0.034112
3.805556 0.079641 0.042673
3.833333 0.079313 0.039892
3.861111 0.092931 0.042147
3.888889 0.045723 0.038374
3.916667 0.041684 0.031960
3.944444 0.023983 0.019594
3.972222 0.010334 0.014061
4.000000 0.041333 0.028119
4.027778 0.028726 0.036003
4.055556 0.038016 0.028322
4.083333 0.058667 0.034595
4.111111 -0.025904 0.023453
4.138889 0.021013 0.025017
4.166667 0.065679 0.037494
4.194444 0.014016 0.020437
4.222222 0.034675 0.028506
4.250000 0.086010 0.039635
4.277778 0.068947 0.037314
4.305556 0.021003 0.025005
4.333333 -0.023282 0.008800
4.361111 -0.002973 0.015547
4.388889 0.038347 0.032124
4.416667 0.001057 0.026302
4.444444 0.004384 0.026101
4.472222 -0.015569 0.027336
4.500000 0.045350 0.035221
4.527778 0.113296 0.044078
4.555556 0.117328 0.048923
4.583333 0.342808 0.074733
4.611111 0.366079 0.074211
4.638889 0.574364 0.091088
4.666667 0.673456 0.099080
4.694444 0.847178 0.108615
4.722222 0.666395 0.096881
4.750000 0.478568 0.082250
4.777778 0.304067 0.065735
4.805556 0.440793 0.078681
4.833333 0.165236 0.056205
4.861111 0.222139 0.056590
4.888889 0.137669 0.050586
4.916667 0.099267 0.039051
4.944444 0.167821 0.051823
4.972222 0.096973 0.047191
5.000000 -0.002973 0.015550
5.027778 0.055314 0.034738
5.055556 0.014706 0.029628
5.083333 -0.002971 0.015540
5.111111 0.051277 0.027502
5.138889 0.020666 0.019883
5.166667 0.065733 0.038762
5.194444 0.039825 0.029670
5.222222 0.024697 0.029084
5.250000 0.103267 0.044432
5.277778 0.072267 0.037164
5.305556 0.099937 0.044553
5.333333 0.011037 0.025675
5.361111 0.088800 0.045535
5.388889 0.000000 0.000000
5.416667 0.052925 0.044418
5.444444 0.049037 0.038219
5.472222 -0.022579 0.023217
5.500000 0.014703 0.029621
5.527778 0.028350 0.032614
5.555556 0.044999 0.031778
5.583333 0.122899 0.040966
5.611111 0.092639 0.039343
5.638889 0.004383 0.026095
5.666667 0.089292 0.039474
5.694444 0.056734 0.046152
5.722222 0.121048 0.051137
5.750000 0.076678 0.045421
5.777778 0.059002 0.037773
5.805556 0.012091 0.036753
5.833333 0.099938 0.044554
5.861111 0.082285 0.036736
5.888889 0.065341 0.034285
5.916667 0.034313 0.024114
5.944444 0.065349 0.034289
5.972222 0.014364 0.025461
6.000000 0.038020 0.028326
6.027778 -0.107553 0.076051
