# time rate rate_error
0.000000 0.113269 0.065396
0.027778 0.036677 0.023273
0.055556 0.050342 0.030632
0.083333 0.003927 0.020673
0.111111 0.020125 0.019362
0.138889 0.040263 0.027391
0.166667 0.023359 0.019085
0.194444 -0.009029 0.021658
0.222222 0.046695 0.026976
0.250000 0.073332 0.032903
0.277778 0.070090 0.033061
0.305556 0.023364 0.019089
0.333333 0.096707 0.038044
0.361111 0.033442 0.023501
0.388889 0.036677 0.023273
0.416667 0.033425 0.023490
0.444444 0.013306 0.013306
0.472222 0.036665 0.023266
0.500000 0.030186 0.023712
0.527778 0.010061 0.013689
0.555556 0.020128 0.019365
0.583333 0.006822 0.014067
0.611111 0.046722 0.026992
0.638889 0.049977 0.026805
0.666667 0.023363 0.019088
0.694444 0.020127 0.019364
0.722222 0.040237 0.027373
0.750000 0.010060 0.013688
0.777778 0.173057 0.047997
0.805556 0.179667 0.049959
0.833333 0.192978 0.051702
0.861111 0.356019 0.069215
0.888889 0.565393 0.087330
0.916667 0.585223 0.088226
0.944444 0.631886 0.092254
0.972222 0.681840 0.096066
1.000000 0.528816 0.084188
1.027778 0.429485 0.076662
1.055556 0.286489 0.064282
1.083333 0.425937 0.076676
1.111111 0.236308 0.056555
1.138889 0.169721 0.048080
1.166667 0.120476 0.045086
1.194444 0.073305 0.032891
1.222222 0.179749 0.049982
1.250000 0.203108 0.053502
1.277778 0.033425 0.023489
1.305556 0.053568 0.030451
1.333333 0.086634 0.035491
1.361111 0.110011 0.040303
1.388889 0.086645 0.035495
1.416667 0.036668 0.023267
1.444444 0.063277 0.029923
1.472222 0.023707 0.024151
1.500000 0.063607 0.033375
1.527778 0.020808 0.028504
1.555556 0.007510 0.025217
1.583333 0.049959 0.026796
1.611111 0.043488 0.027189
1.638889 0.040264 0.027392
1.666667 0.060030 0.030095
1.694444 0.043837 0.030958
1.722222 0.086619 0.035485
1.750000 0.013646 0.019897
1.777778 0.043837 0.030958
1.805556 0.023713 0.024158
1.833333 0.050353 0.030639
1.861111 0.076586 0.032749
1.888889 -0.009721 0.005612
1.916667 0.070098 0.033065
1.944444 0.033435 0.023497
1.972222 0.106757 0.040428
2.000000 0.033432 0.023494
2.027778 0.056810 0.030279
2.055556 0.013306 0.013306
2.083333 0.033430 0.023493
2.111111 0.123327 0.042446
2.138889 0.023358 0.019083
2.166667 0.016885 0.019630
2.194444 0.016892 0.019639
2.222222 0.086636 0.035491
2.250000 0.020119 0.019356
2.277778 0.033418 0.023484
2.305556 0.003585 0.014444
2.333333 0.053207 0.026604
2.361111 0.020126 0.019363
2.388889 0.020124 0.019362
2.416667 0.049978 0.026806
2.444444 -0.006480 0.004582
2.472222 0.036678 0.023273
2.500000 0.089931 0.035365
2.527778 0.066511 0.029745
2.555556 0.089877 0.035344
2.583333 0.063277 0.029923
2.611111 0.030186 0.023713
2.638889 0.036662 0.023264
2.666667 0.046745 0.027005
2.694444 0.073328 0.032902
2.722222 0.129819 0.042202
2.750000 0.013645 0.019896
2.777778 0.033435 0.023497
2.805556 0.056797 0.030272
2.833333 0.023370 0.019093
2.861111 0.060039 0.030099
2.888889 0.039903 0.023038
2.916667 0.010064 0.013693
2.944444 0.010067 0.013697
2.972222 0.023366 0.019090
3.000000 0.060042 0.030100
3.027778 0.076615 0.032762
3.055556 0.053215 0.026607
3.083333 0.020133 0.019369
3.111111 0.010064 0.013693
3.138889 0.016884 0.019630
3.166667 0.089888 0.035348
3.194444 0.083426 0.035652
3.222222 0.322988 0.066779
3.250000 0.412304 0.074052
3.277778 0.472297 0.079927
3.305556 0.692223 0.097081
3.333333 0.795156 0.103123
3.361111 0.671865 0.095098
3.388889 0.685328 0.096046
3.416667 0.588673 0.089379
3.444444 0.539294 0.086579
3.472222 0.349475 0.069355
3.500000 0.332691 0.066538
3.527778 0.196349 0.051636
3.555556 0.136610 0.044475
3.583333 0.093145 0.035206
3.611111 0.129829 0.042205
3.638889 0.099950 0.037907
3.666667 0.079812 0.032583
3.694444 0.040274 0.027398
3.722222 0.053216 0.026608
3.750000 0.016884 0.019630
3.777778 0.089908 0.035356
3.805556 0.049978 0.026806
3.833333 0.063617 0.033380
3.861111 0.059996 0.030078
3.888889 0.036690 0.023281
3.916667 0.026606 0.018813
3.944444 0.086635 0.035491
3.972222 0.056797 0.030272
4.000000 0.026608 0.018815
4.027778 0.026601 0.018810
4.055556 0.083420 0.035649
4.083333 0.030197 0.023721
4.111111 0.023380 0.019102
4.138889 -0.003240 0.003240
4.166667 0.010061 0.013689
4.194444 0.033426 0.023490
4.222222 0.036670 0.023269
4.250000 0.049979 0.026806
4.277778 0.006829 0.014081
4.305556 0.023364 0.019088
4.333333 0.073380 0.032925
4.361111 0.073338 0.032906
4.388889 0.006827 0.014078
4.416667 0.020126 0.019363
4.444444 0.053217 0.026609
4.472222 0.039901 0.023037
4.500000 0.023371 0.019094
4.527778 0.020125 0.019362
4.555556 0.023374 0.019097
4.583333 0.023366 0.019090
4.611111 0.010066 0.013695
4.638889 0.076604 0.032757
4.666667 0.049991 0.026813
4.694444 0.003584 0.014440
4.722222 0.036662 0.023264
4.750000 0.016893 0.019641
4.777778 0.039920 0.023048
4.805556 0.046721 0.026991
4.833333 0.076577 0.032746
4.861111 0.049982 0.026808
4.888889 0.060375 0.033536
4.916667 0.036673 0.023271
4.944444 0.023368 0.019091
4.972222 0.026606 0.018813
5.000000 0.016879 0.019623
5.027778 0.036663 0.023264
5.055556 0.036671 0.023269
5.083333 0.016880 0.019625
5.111111 0.013299 0.013299
5.138889 0.040238 0.027374
5.166667 0.016894 0.019642
5.194444 0.049960 0.026796
5.222222 0.066852 0.033220
5.250000 0.026595 0.018805
5.277778 0.010061 0.013689
5.305556 0.026604 0.018812
5.333333 0.003582 0.014432
5.361111 0.013301 0.013301
5.388889 0.053577 0.030456
5.416667 0.003584 0.014440
5.444444 0.049960 0.026796
5.472222 0.086623 0.035486
5.500000 0.039901 0.023037
5.527778 0.159607 0.046074
5.555556 0.252776 0.057991
5.583333 0.352770 0.069290
5.611111 0.409119 0.074133
5.638889 0.837838 0.105558
5.666667 0.678829 0.096153
5.694444 0.701792 0.096898
5.722222 0.599013 0.090463
5.750000 0.485708 0.081045
5.777778 0.365886 0.070519
5.805556 0.463249 0.082075
5.833333 0.217796 0.054449
5.861111 0.209626 0.053315
5.888889 0.133118 0.042095
5.916667 0.073350 0.032911
5.944444 0.209915 0.055316
5.972222 0.013296 0.013296
6.000000 0.046705 0.026982
6.027778 0.073347 0.032910
6.055556 0.033431 0.023494
6.083333 0.046742 0.027003
6.111111 0.063258 0.029914
6.138889 0.040274 0.027399
6.166667 0.016881 0.019626
6.194444 0.033436 0.023497
6.222222 -0.003240 0.003240
6.250000 0.023368 0.019092
6.277778 0.049972 0.026802
6.305556 0.013300 0.013300
6.333333 0.033421 0.023487
6.361111 0.026604 0.018812
6.388889 0.033436 0.023497
6.416667 0.076565 0.032741
6.444444 0.036665 0.023265
6.472222 0.016884 0.019630
6.500000 0.016881 0.019626
6.527778 0.006825 0.014073
6.555556 0.036654 0.023259
6.583333 0.049965 0.026799
6.611111 0.056785 0.030265
6.638889 0.039918 0.023047
6.666667 0.023368 0.019092
6.694444 0.026603 0.018811
6.722222 0.020118 0.019355
6.750000 0.010067 0.013698
6.777778 0.049986 0.026810
6.805556 0.063260 0.029915
6.833333 0.010058 0.013685
6.861111 0.030175 0.023704
6.888889 0.026611 0.018817
6.916667 0.006820 0.014064
6.944444 -0.009723 0.005614
6.972222 0.070102 0.033067
7.000000 0.030197 0.023721
7.027778 0.053215 0.026607
7.055556 0.020129 0.019366
7.083333 0.030209 0.023731
7.111111 0.023369 0.019093
7.138889 0.000343 0.014791
7.166667 0.049960 0.026796
7.194444 0.046744 0.027004
7.222222 0.093207 0.035229
7.250000 0.023376 0.019099
7.277778 0.026619 0.018823
7.305556 0.000344 0.014802
7.333333 0.036679 0.023275
7.361111 0.023367 0.019091
7.388889 0.046734 0.026999
7.416667 0.053226 0.026613
7.444444 0.010066 0.013695
7.472222 0.036656 0.023260
7.500000 0.060021 0.030090
7.527778 0.049973 0.026803
7.555556 0.020120 0.019357
7.583333 0.046719 0.026990
7.611111 0.036686 0.023279
7.638889 0.053212 0.026606
7.666667 0.036661 0.023263
7.694444 0.079847 0.032597
7.722222 0.063274 0.029922
7.750000 0.023364 0.019089
7.777778 0.103182 0.037765
7.805556 0.119774 0.039925
7.833333 0.279835 0.062761
7.861111 0.256748 0.061577
7.888889 0.502279 0.082070
7.916667 0.828587 0.105766
7.944444 0.868173 0.108207
7.972222 0.778177 0.102256
8.000000 0.595751 0.090518
8.027778 0.512198 0.083181
8.055556 0.502412 0.082092
8.083333 0.392531 0.072993
8.111111 0.286264 0.062582
8.138889 0.129066 0.043158
8.166667 0.221032 0.090236
8.194444 0.186209 0.049766
8.222222 0.120096 0.041281
8.250000 0.046743 0.027004
8.277778 0.089897 0.035351
8.305556 0.049968 0.026800
8.333333 0.033411 0.023480
8.361111 0.023378 0.019100
8.388889 0.033434 0.023496
8.416667 0.043504 0.027198
8.444444 0.066531 0.029754
8.472222 0.039916 0.023045
8.500000 0.023369 0.019092
8.527778 0.043493 0.027192
8.555556 0.036676 0.023272
8.583333 0.060040 0.030100
8.611111 0.010059 0.013686
8.638889 0.066901 0.033245
8.666667 0.006822 0.014067
8.694444 0.013641 0.019891
8.722222 -0.003239 0.003239
8.750000 0.036666 0.023266
8.777778 0.079824 0.032588
8.805556 0.049975 0.026804
8.833333 0.023363 0.019088
8.861111 0.046734 0.026999
8.888889 0.030189 0.023715
8.916667 0.007164 0.020410
8.944444 0.073331 0.032903
8.972222 0.049977 0.026805
9.000000 0.039926 0.023051
9.027778 0.020128 0.019365
9.055556 0.000343 0.014796
9.083333 0.026950 0.023936
9.111111 0.010065 0.013694
9.138889 -0.006478 0.004581
9.166667 0.063280 0.029925
9.194444 0.053205 0.026603
9.222222 0.050003 0.026819
9.250000 0.046728 0.026995
9.277778 0.060027 0.030093
9.305556 0.039914 0.023045
9.333333 0.053225 0.026612
9.361111 0.099958 0.037910
9.388889 0.016883 0.019629
9.416667 0.060023 0.030091
9.444444 0.026607 0.018814
9.472222 0.023361 0.019086
9.500000 0.023369 0.019093
9.527778 0.039893 0.023032
9.555556 0.039923 0.023049
9.583333 0.039920 0.023048
9.611111 0.073337 0.032906
9.638889 -0.003239 0.003239
9.666667 0.046726 0.026994
9.694444 0.003583 0.014435
9.722222 0.020124 0.019361
9.750000 0.006820 0.014063
9.777778 0.033417 0.023484
9.805556 0.046736 0.027000
9.833333 0.023358 0.019084
9.861111 0.056783 0.030264
9.888889 0.030195 0.023720
9.916667 0.006818 0.014060
9.944444 0.076571 0.032743
9.972222 0.060055 0.030107
10.000000 0.026604 0.018812
10.027778 0.010059 0.013687
10.055556 0.006825 0.014073
10.083333 0.066516 0.029747
10.111111 0.020126 0.019363
10.138889 0.086657 0.035500
10.166667 0.119795 0.039932
10.194444 0.120117 0.042580
10.222222 0.299391 0.063942
10.250000 0.302908 0.065537
10.277778 0.578785 0.088351
10.305556 0.691893 0.095948
10.333333 0.555741 0.086314
10.361111 0.658270 0.094121
10.388889 0.518846 0.083082
10.416667 0.442757 0.077803
10.444444 0.312857 0.065346
10.472222 0.259588 0.059671
10.500000 0.222996 0.054966
10.527778 0.236160 0.056520
10.555556 0.106397 0.037617
10.583333 0.030194 0.023718
10.611111 0.053194 0.026597
10.638889 0.116573 0.040070
10.666667 0.036664 0.023265
10.694444 0.046725 0.026994
10.722222 0.020119 0.019356
10.750000 0.046724 0.026993
10.777778 0.049979 0.026806
10.805556 0.030182 0.023709
10.833333 0.053237 0.026618
10.861111 0.023361 0.019086
10.888889 0.010061 0.013689
10.916667 0.013304 0.013304
10.944444 0.023358 0.019084
10.972222 0.046727 0.026994
11.000000 0.036677 0.023273
11.027778 0.016885 0.019630
11.055556 0.026939 0.023926
11.083333 0.046753 0.027010
11.111111 0.046754 0.027010
11.138889 0.016887 0.019634
11.166667 0.036672 0.023270
11.194444 0.020116 0.019354
11.222222 0.036679 0.023274
11.250000 0.063262 0.029916
11.277778 0.016888 0.019634
11.305556 0.079874 0.032609
11.333333 -0.009719 0.005611
11.361111 0.000000 0.000000
11.388889 0.099974 0.037916
11.416667 0.076598 0.032755
11.444444 -0.003239 0.003239
11.472222 0.030184 0.023711
11.500000 0.030195 0.023720
11.527778 0.053239 0.026620
11.555556 0.016882 0.019627
11.583333 0.093508 0.038198
11.611111 0.076624 0.032766
11.638889 0.053553 0.030443
11.666667 0.066512 0.029745
11.694444 0.033422 0.023488
11.722222 0.000000 0.000000
11.750000 0.046738 0.027001
11.777778 0.060044 0.030102
11.805556 0.033429 0.023493
11.833333 0.006822 0.014068
11.861111 0.049994 0.026814
11.888889 0.033437 0.023498
11.916667 0.053243 0.026621
11.944444 0.020135 0.019371
11.972222 0.036673 0.023270
12.000000 0.023358 0.019084
12.027778 0.036686 0.023279
12.055556 0.053193 0.026596
12.083333 0.026595 0.018805
12.111111 0.006825 0.014073
12.138889 0.039910 0.023042
12.166667 0.020115 0.019352
12.194444 0.036660 0.023262
12.222222 0.023701 0.024144
12.250000 0.020139 0.019376
12.277778 0.036669 0.023268
12.305556 0.020112 0.019349
12.333333 0.060023 0.030091
12.361111 0.066533 0.029754
12.388889 0.172949 0.047967
12.416667 0.203118 0.053504
12.444444 0.252820 0.058001
12.472222 0.495928 0.082219
12.500000 0.712391 0.097934
12.527778 0.758340 0.100445
12.555556 0.758519 0.101507
12.583333 0.651877 0.093125
12.611111 0.572052 0.087237
12.638889 0.485647 0.081035
12.666667 0.415896 0.075447
12.694444 0.382801 0.073206
12.722222 0.243010 0.058251
12.750000 0.113243 0.040170
12.777778 0.146379 0.044135
12.805556 0.073322 0.032899
12.833333 0.106766 0.040431
12.861111 0.113229 0.040165
12.888889 0.060029 0.030094
12.916667 -0.006477 0.004580
12.944444 0.016882 0.019627
12.972222 0.093447 0.038173
13.000000 0.056794 0.030270
13.027778 0.000000 0.000000
