7.948049683601230383e+08 2.752712965011596680e-01 6.006912142038345337e-02
7.948050683601230383e+08 2.751026451587677002e-01 6.003232300281524658e-02
7.948051683601230383e+08 4.915769398212432861e-01 8.081474900245666504e-02
7.948052683601230383e+08 1.957027316093444824e-01 5.053022876381874084e-02
7.948053683601230383e+08 3.275812864303588867e-01 6.551625579595565796e-02
7.948054683601230383e+08 2.096340358257293701e-01 5.427970737218856812e-02
7.948055683601230383e+08 4.292296767234802246e-01 7.593691349029541016e-02
7.948056683601230383e+08 3.678555786609649658e-01 6.951817125082015991e-02
7.948057683601230383e+08 3.677245080471038818e-01 6.949339807033538818e-02
7.948058683601230383e+08 2.632795870304107666e-01 6.204197555780410767e-02
7.948059683601230383e+08 3.909224569797515869e-01 7.137235254049301147e-02
7.948060683601230383e+08 3.811455368995666504e-01 7.213784754276275635e-02
7.948061683601230383e+08 3.799002170562744141e-01 7.054569572210311890e-02
7.948062683601230383e+08 3.060181736946105957e-01 6.389654427766799927e-02
7.948063683601230383e+08 3.664416074752807617e-01 6.925095617771148682e-02
7.948064683601230383e+08 4.117735922336578369e-01 7.526415586471557617e-02
7.948065683601230383e+08 4.705497026443481445e-01 8.079668879508972168e-02
7.948066683601230383e+08 3.865744769573211670e-01 7.184498012065887451e-02
7.948067683601230383e+08 5.004815459251403809e-01 8.238555490970611572e-02
7.948068683601230383e+08 2.359219640493392944e-01 5.560734122991561890e-02
7.948069683601230383e+08 4.263187944889068604e-01 7.545236498117446899e-02
7.948070683601230383e+08 3.395704925060272217e-01 6.659525632858276367e-02
7.948071683601230383e+08 3.333650231361389160e-01 6.678643077611923218e-02
7.948072683601230383e+08 4.040845930576324463e-01 7.257573306560516357e-02
7.948073683601230383e+08 2.749184668064117432e-01 6.155553087592124939e-02
7.948074683601230383e+08 4.698882699012756348e-01 7.831470668315887451e-02
7.948075683601230383e+08 3.019180297851562500e-01 6.295426189899444580e-02
7.948076683601230383e+08 3.289137780666351318e-01 6.578275561332702637e-02
7.948077683601230383e+08 2.610568404197692871e-01 5.837408453226089478e-02
7.948078683601230383e+08 3.271991610527038574e-01 6.543983519077301025e-02
7.948079683601230383e+08 2.964033782482147217e-01 6.469967961311340332e-02
7.948080683601230383e+08 3.249114155769348145e-01 6.498228013515472412e-02
7.948081683601230383e+08 1.956888586282730103e-01 5.052664503455162048e-02
7.948082683601230383e+08 3.027420341968536377e-01 6.312607973814010620e-02
7.948083683601230383e+08 2.481238991022109985e-01 5.692352727055549622e-02
7.948084683601230383e+08 1.566012501716613770e-01 4.520688578486442566e-02
7.948085683601230383e+08 2.498654127120971680e-01 5.732305720448493958e-02
7.948086683601230383e+08 1.389186084270477295e-01 4.398941621184349060e-02
7.948087683601230383e+08 1.515070796012878418e-01 4.574021697044372559e-02
7.948088683601230383e+08 2.327984422445297241e-01 5.652626231312751770e-02
7.948089683601230383e+08 1.379967033863067627e-01 4.372960701584815979e-02
7.948090683601230383e+08 9.170092642307281494e-02 3.465969115495681763e-02
7.948091683601230383e+08 1.189686879515647888e-01 3.965622931718826294e-02
7.948092683601230383e+08 3.916447609663009644e-02 2.261161990463733673e-02
7.948093683601230383e+08 7.249296456575393677e-02 3.244548663496971130e-02
7.948094683601230383e+08 6.844499707221984863e-02 3.358929604291915894e-02
7.948095683601230383e+08 1.184924989938735962e-01 3.949749842286109924e-02
7.948096683601230383e+08 2.595073357224464417e-02 1.834993995726108551e-02
7.948097683601230383e+08 9.975683689117431641e-02 3.774258494377136230e-02
7.948098683601230383e+08 9.932869672775268555e-02 3.759977221488952637e-02
7.948099683601230383e+08 1.088283061981201172e-01 4.090677574276924133e-02
7.948100683601230383e+08 6.579148024320602417e-02 2.942284382879734039e-02
7.948101683601230383e+08 6.507004797458648682e-02 2.910021133720874786e-02
7.948102683601230383e+08 6.496133655309677124e-02 2.905159257352352142e-02
7.948103683601230383e+08 7.279741577804088593e-03 1.422900240868330002e-02
7.948104683601230383e+08 3.353274241089820862e-02 2.339484356343746185e-02
7.948105683601230383e+08 2.626894041895866394e-02 1.857494562864303589e-02
7.948106683601230383e+08 1.462819892913103104e-02 2.014677785336971283e-02
7.948107683601230383e+08 6.093446910381317139e-02 3.034560941159725189e-02
7.948108683601230383e+08 4.067796841263771057e-02 2.728265710175037384e-02
7.948109683601230383e+08 2.649352513253688812e-02 1.873375102877616882e-02
7.948110683601230383e+08 5.964065343141555786e-02 2.982254698872566223e-02
7.948111683601230383e+08 2.761187590658664703e-02 2.400554530322551727e-02
7.948112683601230383e+08 2.835049852728843689e-02 2.431612648069858551e-02
7.948113683601230383e+08 0.000000000000000000e+00 0.000000000000000000e+00
7.948114683601230383e+08 3.921369835734367371e-02 2.264003828167915344e-02
7.948115683601230383e+08 2.610911987721920013e-02 1.846193522214889526e-02
7.948116683601230383e+08 0.000000000000000000e+00 0.000000000000000000e+00
7.948117683601230383e+08 2.612146362662315369e-02 1.847066357731819153e-02
7.948118683601230383e+08 8.861693553626537323e-03 2.097797021269798279e-02
7.948119683601230383e+08 3.941421210765838623e-02 2.275580540299415588e-02
7.948120683601230383e+08 0.000000000000000000e+00 0.000000000000000000e+00
7.948121683601230383e+08 1.304366812109947205e-02 1.304366812109947205e-02
7.948122683601230383e+08 0.000000000000000000e+00 0.000000000000000000e+00
7.948123683601230383e+08 0.000000000000000000e+00 0.000000000000000000e+00
7.948124683601230383e+08 7.385545875877141953e-03 1.427999604493379593e-02
7.948125683601230383e+08 5.236499756574630737e-02 2.618249878287315369e-02
7.948126683601230383e+08 0.000000000000000000e+00 0.000000000000000000e+00
7.948127683601230383e+08 2.599994651973247528e-02 1.838473789393901825e-02
7.948128683601230383e+08 3.342309594154357910e-02 2.333918400108814240e-02
7.948129683601230383e+08 0.000000000000000000e+00 0.000000000000000000e+00
7.948130683601230383e+08 -5.685072857886552811e-03 5.685072857886552811e-03
7.948131683601230383e+08 7.331447210162878036e-03 1.425251923501491547e-02
7.948132683601230383e+08 7.401112932711839676e-03 1.431267149746417999e-02
7.948133683601230383e+08 1.360975671559572220e-03 1.543566677719354630e-02
7.948134683601230383e+08 2.609779313206672668e-02 1.845392584800720215e-02
7.948135683601230383e+08 -2.300937660038471222e-02 1.150468830019235611e-02
7.948136683601230383e+08 1.313515752553939819e-02 1.313515752553939819e-02
7.948137683601230383e+08 2.036470361053943634e-02 1.936180517077445984e-02
7.948138683601230383e+08 1.324533764272928238e-02 1.324533764272928238e-02
7.948139683601230383e+08 7.526475470513105392e-03 1.454326976090669632e-02
7.948140683601230383e+08 5.226663127541542053e-02 2.613331563770771027e-02
7.948141683601230383e+08 2.050786465406417847e-02 1.943935826420783997e-02
7.948142683601230383e+08 1.480663660913705826e-02 2.029599808156490326e-02
7.948143683601230383e+08 1.579752191901206970e-03 1.536639966070652008e-02
7.948144683601230383e+08 0.000000000000000000e+00 0.000000000000000000e+00
7.948145683601230383e+08 0.000000000000000000e+00 0.000000000000000000e+00
7.948146683601230383e+08 0.000000000000000000e+00 0.000000000000000000e+00
7.948147683601230383e+08 0.000000000000000000e+00 0.000000000000000000e+00
7.948148683601230383e+08 1.322710607200860977e-02 1.322710607200860977e-02
7.948149683601230383e+08 2.654097788035869598e-02 1.876730471849441528e-02
7.948150683601230383e+08 2.043700776994228363e-02 1.937954127788543701e-02
7.948151683601230383e+08 1.314219087362289429e-02 1.314219087362289429e-02
7.948152683601230383e+08 2.858669683337211609e-02 2.502451464533805847e-02
7.948153683601230383e+08 0.000000000000000000e+00 0.000000000000000000e+00
7.948154683601230383e+08 -1.143826544284820557e-02 8.088074624538421631e-03
7.948155683601230383e+08 1.302888151258230209e-02 1.302888151258230209e-02
7.948156683601230383e+08 1.325325109064579010e-02 1.325325109064579010e-02
7.948157683601230383e+08 2.605735883116722107e-02 1.842533424496650696e-02
7.948158683601230383e+08 7.398080546408891678e-03 1.426061987876892090e-02
7.948159683601230383e+08 1.305900327861309052e-02 1.305900327861309052e-02
7.948160683601230383e+08 7.534383796155452728e-03 1.448799762874841690e-02
7.948161683601230383e+08 0.000000000000000000e+00 0.000000000000000000e+00
7.948162683601230383e+08 8.606638759374618530e-03 2.098281309008598328e-02
7.948163683601230383e+08 2.056854404509067535e-02 1.950631663203239441e-02
7.948164683601230383e+08 1.784620573744177818e-03 1.542710140347480774e-02
7.948165683601230383e+08 -1.153188850730657578e-02 8.154276758432388306e-03
7.948166683601230383e+08 0.000000000000000000e+00 0.000000000000000000e+00
7.948167683601230383e+08 0.000000000000000000e+00 0.000000000000000000e+00
7.948168683601230383e+08 2.048978209495544434e-02 1.942514628171920776e-02
7.948169683601230383e+08 1.299877744168043137e-02 1.299877744168043137e-02
7.948170683601230383e+08 2.029659040272235870e-02 1.934823952615261078e-02
7.948171683601230383e+08 -1.146956440061330795e-02 8.110206574201583862e-03
7.948172683601230383e+08 0.000000000000000000e+00 0.000000000000000000e+00
7.948173683601230383e+08 1.312834676355123520e-02 1.312834676355123520e-02
7.948174683601230383e+08 0.000000000000000000e+00 0.000000000000000000e+00
7.948175683601230383e+08 -1.148248836398124695e-02 8.119345642626285553e-03
7.948176683601230383e+08 -5.749125499278306961e-03 5.749125499278306961e-03
7.948177683601230383e+08 1.312912814319133759e-02 1.312912814319133759e-02
7.948178683601230383e+08 -5.787442438304424286e-03 5.787442438304424286e-03
7.948179683601230383e+08 1.310804579406976700e-02 1.310804579406976700e-02
7.948180683601230383e+08 -5.826378241181373596e-03 5.826378241181373596e-03
7.948181683601230383e+08 1.306802034378051758e-02 1.306802034378051758e-02
7.948182683601230383e+08 -5.801016930490732193e-03 5.801016930490732193e-03
7.948183683601230383e+08 6.580055505037307739e-02 2.942690253257751465e-02
7.948184683601230383e+08 1.312052737921476364e-02 1.312052737921476364e-02
7.948185683601230383e+08 7.273961789906024933e-03 1.423726789653301239e-02
7.948186683601230383e+08 1.312935445457696915e-02 1.312935445457696915e-02
7.948187683601230383e+08 0.000000000000000000e+00 0.000000000000000000e+00
7.948188683601230383e+08 7.305890321731567383e-03 1.423571351915597916e-02
7.948189683601230383e+08 0.000000000000000000e+00 0.000000000000000000e+00
7.948190683601230383e+08 2.626862749457359314e-02 1.857472397387027740e-02
7.948191683601230383e+08 3.370047733187675476e-02 2.347913384437561035e-02
7.948192683601230383e+08 1.307140197604894638e-02 1.307140197604894638e-02
7.948193683601230383e+08 0.000000000000000000e+00 0.000000000000000000e+00
7.948194683601230383e+08 2.640853822231292725e-02 1.867365650832653046e-02
7.948195683601230383e+08 2.628342807292938232e-02 1.858519017696380615e-02
7.948196683601230383e+08 0.000000000000000000e+00 0.000000000000000000e+00
7.948197683601230383e+08 1.313796546310186386e-02 1.313796546310186386e-02
7.948198683601230383e+08 0.000000000000000000e+00 0.000000000000000000e+00
7.948199683601230383e+08 7.272540125995874405e-03 1.441269088536500931e-02
7.948200683601230383e+08 -5.840214435011148453e-03 5.840214435011148453e-03
7.948201683601230383e+08 7.207137998193502426e-03 1.429862063378095627e-02
7.948202683601230383e+08 7.369340397417545319e-03 1.427164487540721893e-02
7.948203683601230383e+08 3.917574137449264526e-02 2.261812426149845123e-02
7.948204683601230383e+08 2.611531130969524384e-02 1.846631430089473724e-02
7.948205683601230383e+08 0.000000000000000000e+00 0.000000000000000000e+00
7.948206683601230383e+08 1.313579455018043518e-02 1.313579455018043518e-02
7.948207683601230383e+08 0.000000000000000000e+00 0.000000000000000000e+00
7.948208683601230383e+08 1.300742197781801224e-02 1.300742197781801224e-02
7.948209683601230383e+08 0.000000000000000000e+00 0.000000000000000000e+00
7.948210683601230383e+08 1.317400950938463211e-02 1.317400950938463211e-02
7.948211683601230383e+08 2.618292346596717834e-02 1.851412281394004822e-02
7.948212683601230383e+08 1.305598020553588867e-02 1.305598020553588867e-02
7.948213683601230383e+08 0.000000000000000000e+00 0.000000000000000000e+00
7.948214683601230383e+08 0.000000000000000000e+00 0.000000000000000000e+00
7.948215683601230383e+08 1.314768008887767792e-02 1.314768008887767792e-02
7.948216683601230383e+08 2.624355815351009369e-02 1.855699717998504639e-02
7.948217683601230383e+08 1.314005721360445023e-02 1.314005721360445023e-02
7.948218683601230383e+08 3.340020403265953064e-02 2.334934100508689880e-02
7.948219683601230383e+08 7.369352970272302628e-03 1.426963414996862411e-02
7.948220683601230383e+08 -5.740616470575332642e-03 5.740616470575332642e-03
7.948221683601230383e+08 1.505390461534261703e-02 1.505390461534261703e-02
7.948222683601230383e+08 2.595655247569084167e-02 1.835405454039573669e-02
7.948223683601230383e+08 0.000000000000000000e+00 0.000000000000000000e+00
7.948224683601230383e+08 -5.737373139709234238e-03 5.737373139709234238e-03
7.948225683601230383e+08 3.921956568956375122e-02 2.264342643320560455e-02
7.948226683601230383e+08 3.898575901985168457e-02 2.250843681395053864e-02
7.948227683601230383e+08 1.311124395579099655e-02 1.311124395579099655e-02
7.948228683601230383e+08 2.612978592514991760e-02 1.847654953598976135e-02
7.948229683601230383e+08 -5.802032537758350372e-03 5.802032537758350372e-03
7.948230683601230383e+08 0.000000000000000000e+00 0.000000000000000000e+00
7.948231683601230383e+08 0.000000000000000000e+00 0.000000000000000000e+00
7.948232683601230383e+08 1.310950610786676407e-02 1.310950610786676407e-02
7.948233683601230383e+08 1.496656681410968304e-03 1.547282747924327850e-02
7.948234683601230383e+08 0.000000000000000000e+00 0.000000000000000000e+00
7.948235683601230383e+08 0.000000000000000000e+00 0.000000000000000000e+00
7.948236683601230383e+08 3.923184424638748169e-02 2.265051566064357758e-02
7.948237683601230383e+08 3.381553292274475098e-02 2.364489063620567322e-02
7.948238683601230383e+08 7.416252512484788895e-03 1.435125712305307388e-02
7.948239683601230383e+08 1.309085637331008911e-02 1.309085637331008911e-02
7.948240683601230383e+08 0.000000000000000000e+00 0.000000000000000000e+00
7.948241683601230383e+08 7.403711322695016861e-03 1.435905322432518005e-02
7.948242683601230383e+08 1.303511299192905426e-02 1.303511299192905426e-02
7.948243683601230383e+08 -5.830255337059497833e-03 5.830255337059497833e-03
7.948244683601230383e+08 -5.729225929826498032e-03 5.729225929826498032e-03
7.948245683601230383e+08 2.081885747611522675e-02 1.974933966994285583e-02
7.948246683601230383e+08 0.000000000000000000e+00 0.000000000000000000e+00
7.948247683601230383e+08 1.315311808139085770e-02 1.315311808139085770e-02
7.948248683601230383e+08 0.000000000000000000e+00 0.000000000000000000e+00
7.948249683601230383e+08 2.622741460800170898e-02 1.854558289051055908e-02
7.948250683601230383e+08 1.319687627255916595e-02 1.319687627255916595e-02
7.948251683601230383e+08 7.498201914131641388e-03 1.438180077821016312e-02
7.948252683601230383e+08 7.334533147513866425e-03 1.432822924107313156e-02
7.948253683601230383e+08 0.000000000000000000e+00 0.000000000000000000e+00
7.948254683601230383e+08 0.000000000000000000e+00 0.000000000000000000e+00
7.948255683601230383e+08 -2.842215076088905334e-02 1.271077245473861694e-02
7.948256683601230383e+08 1.461209449917078018e-02 2.031239494681358337e-02
7.948257683601230383e+08 0.000000000000000000e+00 0.000000000000000000e+00
7.948258683601230383e+08 2.635647729039192200e-02 1.863684318959712982e-02
7.948259683601230383e+08 7.450783159583806992e-03 1.431100349873304367e-02
7.948260683601230383e+08 -5.778883583843708038e-03 5.778883583843708038e-03
7.948261683601230383e+08 0.000000000000000000e+00 0.000000000000000000e+00
7.948262683601230383e+08 2.621814981102943420e-02 1.853903010487556458e-02
7.948263683601230383e+08 2.633307874202728271e-02 1.862029917538166046e-02
7.948264683601230383e+08 7.304621860384941101e-03 1.430252566933631897e-02
7.948265683601230383e+08 -5.717656575143337250e-03 5.717656575143337250e-03
7.948266683601230383e+08 1.311540789902210236e-02 1.311540789902210236e-02
7.948267683601230383e+08 5.216038227081298828e-02 2.608019113540649414e-02
7.948268683601230383e+08 2.039968967437744141e-02 1.941090077161788940e-02
7.948269683601230383e+08 0.000000000000000000e+00 0.000000000000000000e+00
7.948270683601230383e+08 2.600487135350704193e-02 1.838822104036808014e-02
7.948271683601230383e+08 3.942377120256423950e-02 2.276132442057132721e-02
7.948272683601230383e+08 3.928433731198310852e-02 2.268082275986671448e-02
7.948273683601230383e+08 -1.146183162927627563e-02 8.104738779366016388e-03
7.948274683601230383e+08 0.000000000000000000e+00 0.000000000000000000e+00
7.948275683601230383e+08 -5.705434828996658325e-03 5.705434828996658325e-03
7.948276683601230383e+08 2.051364630460739136e-02 1.943723671138286591e-02
7.948277683601230383e+08 1.737735001370310783e-03 1.545488554984331131e-02
7.948278683601230383e+08 1.320469658821821213e-02 1.320469658821821213e-02
7.948279683601230383e+08 0.000000000000000000e+00 0.000000000000000000e+00
7.948280683601230383e+08 0.000000000000000000e+00 0.000000000000000000e+00
7.948281683601230383e+08 0.000000000000000000e+00 0.000000000000000000e+00
7.948282683601230383e+08 1.301505882292985916e-02 1.301505882292985916e-02
7.948283683601230383e+08 0.000000000000000000e+00 0.000000000000000000e+00
7.948284683601230383e+08 5.296354368329048157e-02 2.648177184164524078e-02
7.948285683601230383e+08 3.949451819062232971e-02 2.280217222869396210e-02
7.948286683601230383e+08 7.538634352385997772e-03 1.446692366153001785e-02
7.948287683601230383e+08 7.431598845869302750e-03 1.437929272651672363e-02
7.948288683601230383e+08 -5.730344448238611221e-03 5.730344448238611221e-03
7.948289683601230383e+08 7.289529778063297272e-03 1.418863888829946518e-02
7.948290683601230383e+08 3.332977741956710815e-02 2.325583435595035553e-02
7.948291683601230383e+08 2.623017877340316772e-02 1.854753680527210236e-02
7.948292683601230383e+08 2.019763365387916565e-02 1.926009543240070343e-02
7.948293683601230383e+08 0.000000000000000000e+00 0.000000000000000000e+00
7.948294683601230383e+08 7.484347093850374222e-03 1.439782138913869858e-02
7.948295683601230383e+08 1.308944635093212128e-02 1.308944635093212128e-02
7.948296683601230383e+08 0.000000000000000000e+00 0.000000000000000000e+00
7.948297683601230383e+08 1.320138014853000641e-02 1.320138014853000641e-02
7.948298683601230383e+08 4.127096757292747498e-02 2.758643031120300293e-02
7.948299683601230383e+08 1.306526549160480499e-02 1.306526549160480499e-02
7.948300683601230383e+08 -5.733656696975231171e-03 5.733656696975231171e-03
7.948301683601230383e+08 -4.043346270918846130e-03 1.643436215817928314e-02
7.948302683601230383e+08 0.000000000000000000e+00 0.000000000000000000e+00
7.948303683601230383e+08 2.042970061302185059e-02 1.929200999438762665e-02
7.948304683601230383e+08 7.427277509123086929e-03 1.443658396601676941e-02
7.948305683601230383e+08 1.304994896054267883e-02 1.304994896054267883e-02
7.948306683601230383e+08 0.000000000000000000e+00 0.000000000000000000e+00
7.948307683601230383e+08 1.307154353708028793e-02 1.307154353708028793e-02
7.948308683601230383e+08 3.934789076447486877e-02 2.271751500666141510e-02
7.948309683601230383e+08 0.000000000000000000e+00 0.000000000000000000e+00
7.948310683601230383e+08 1.301636826246976852e-02 1.301636826246976852e-02
7.948311683601230383e+08 2.658826299011707306e-02 1.880074106156826019e-02
7.948312683601230383e+08 0.000000000000000000e+00 0.000000000000000000e+00
7.948313683601230383e+08 0.000000000000000000e+00 0.000000000000000000e+00
7.948314683601230383e+08 0.000000000000000000e+00 0.000000000000000000e+00
7.948315683601230383e+08 -5.790772847831249237e-03 5.790772847831249237e-03
7.948316683601230383e+08 -1.161468960344791412e-02 8.212826214730739594e-03
7.948317683601230383e+08 -5.710455123335123062e-03 5.710455123335123062e-03
7.948318683601230383e+08 1.308663655072450638e-02 1.308663655072450638e-02
7.948319683601230383e+08 2.073138020932674408e-02 1.957195810973644257e-02
7.948320683601230383e+08 1.327635068446397781e-02 1.327635068446397781e-02
7.948321683601230383e+08 1.327648758888244629e-02 1.327648758888244629e-02
7.948322683601230383e+08 2.638276666402816772e-02 1.865543425083160400e-02
7.948323683601230383e+08 3.323143348097801208e-02 2.326868288218975067e-02
7.948324683601230383e+08 1.301950495690107346e-02 1.301950495690107346e-02
7.948325683601230383e+08 1.302118133753538132e-02 1.302118133753538132e-02
7.948326683601230383e+08 7.206316571682691574e-03 1.424852665513753891e-02
7.948327683601230383e+08 2.632076852023601532e-02 1.861159503459930420e-02
7.948328683601230383e+08 7.326349616050720215e-03 1.429638266563415527e-02
7.948329683601230383e+08 1.470711268484592438e-02 2.027227170765399933e-02
7.948330683601230383e+08 4.665159434080123901e-02 2.688051387667655945e-02
7.948331683601230383e+08 7.263686973601579666e-03 1.434308849275112152e-02
7.948332683601230383e+08 7.293513976037502289e-03 1.429383642971515656e-02
7.948333683601230383e+08 3.384763374924659729e-02 2.355659008026123047e-02
7.948334683601230383e+08 7.207243703305721283e-03 1.424400135874748230e-02
7.948335683601230383e+08 1.308180764317512512e-02 1.308180764317512512e-02
7.948336683601230383e+08 3.906250745058059692e-02 2.255274914205074310e-02
7.948337683601230383e+08 7.412969600409269333e-03 1.438564807176589966e-02
7.948338683601230383e+08 1.322653610259294510e-02 1.322653610259294510e-02
7.948339683601230383e+08 2.625179290771484375e-02 1.856282167136669159e-02
7.948340683601230383e+08 1.452059671282768250e-02 2.017651498317718506e-02
7.948341683601230383e+08 1.458024140447378159e-03 1.534191146492958069e-02
7.948342683601230383e+08 1.307545881718397141e-02 1.307545881718397141e-02
7.948343683601230383e+08 1.316012348979711533e-02 1.316012348979711533e-02
7.948344683601230383e+08 0.000000000000000000e+00 0.000000000000000000e+00
7.948345683601230383e+08 1.298007275909185410e-02 1.298007275909185410e-02
7.948346683601230383e+08 7.349555380642414093e-03 1.425322331488132477e-02
7.948347683601230383e+08 0.000000000000000000e+00 0.000000000000000000e+00
7.948348683601230383e+08 2.612005732953548431e-02 1.846966892480850220e-02
7.948349683601230383e+08 1.316633168607950211e-02 1.316633168607950211e-02
7.948350683601230383e+08 1.510738302022218704e-02 2.040680311620235443e-02
7.948351683601230383e+08 0.000000000000000000e+00 0.000000000000000000e+00
7.948352683601230383e+08 7.416501175612211227e-03 1.442178245633840561e-02
7.948353683601230383e+08 1.311590056866407394e-02 1.311590056866407394e-02
7.948354683601230383e+08 -5.745046772062778473e-03 5.745046772062778473e-03
7.948355683601230383e+08 -5.737300496548414230e-03 5.737300496548414230e-03
7.948356683601230383e+08 -1.139068044722080231e-02 8.054426871240139008e-03
7.948357683601230383e+08 -5.776588805019855499e-03 5.776588805019855499e-03
7.948358683601230383e+08 7.357459980994462967e-03 1.428225450217723846e-02
7.948359683601230383e+08 1.313233003020286560e-02 1.313233003020286560e-02
7.948360683601230383e+08 3.937078267335891724e-02 2.273073047399520874e-02
7.948361683601230383e+08 1.312868483364582062e-02 1.312868483364582062e-02
7.948362683601230383e+08 2.619076892733573914e-02 1.851966977119445801e-02
7.948363683601230383e+08 7.349302060902118683e-03 1.435398962348699570e-02
7.948364683601230383e+08 0.000000000000000000e+00 0.000000000000000000e+00
7.948365683601230383e+08 1.301378477364778519e-02 1.301378477364778519e-02
7.948366683601230383e+08 2.645505033433437347e-02 1.870654523372650146e-02
7.948367683601230383e+08 0.000000000000000000e+00 0.000000000000000000e+00
7.948368683601230383e+08 2.605026215314865112e-02 1.842031627893447876e-02
7.948369683601230383e+08 -1.151094492524862289e-02 8.139466866850852966e-03
7.948370683601230383e+08 1.308471243828535080e-02 1.308471243828535080e-02
7.948371683601230383e+08 7.297113537788391113e-03 1.431144494563341141e-02
7.948372683601230383e+08 2.035854570567607880e-02 1.931495033204555511e-02
7.948373683601230383e+08 2.620402909815311432e-02 1.852904632687568665e-02
7.948374683601230383e+08 3.380981832742691040e-02 2.358193881809711456e-02
7.948375683601230383e+08 1.446129847317934036e-02 2.010861039161682129e-02
7.948376683601230383e+08 7.561119273304939270e-03 1.453306805342435837e-02
7.948377683601230383e+08 5.235479027032852173e-02 2.617739513516426086e-02
7.948378683601230383e+08 6.755123287439346313e-02 3.324760496616363525e-02
7.948379683601230383e+08 7.315225154161453247e-02 3.272490203380584717e-02
7.948380683601230383e+08 5.281688272953033447e-02 2.640844136476516724e-02
7.948381683601230383e+08 1.245741397142410278e-01 4.159288108348846436e-02
7.948382683601230383e+08 1.248832121491432190e-01 4.168981313705444336e-02
7.948383683601230383e+08 1.647348999977111816e-01 4.763724654912948608e-02
7.948384683601230383e+08 2.101263403892517090e-01 5.253158509731292725e-02
7.948385683601230383e+08 1.957618445158004761e-01 5.054549127817153931e-02
7.948386683601230383e+08 2.738604545593261719e-01 6.141030415892601013e-02
7.948387683601230383e+08 2.233609259128570557e-01 5.417298153042793274e-02
7.948388683601230383e+08 3.305787444114685059e-01 6.611575186252593994e-02
7.948389683601230383e+08 5.652012228965759277e-01 8.619237691164016724e-02
7.948390683601230383e+08 5.765748620033264160e-01 8.899892866611480713e-02
7.948391683601230383e+08 4.164527952671051025e-01 7.484318315982818604e-02
7.948392683601230383e+08 6.460313200950622559e-01 9.229019284248352051e-02
7.948393683601230383e+08 5.122206211090087891e-01 8.319055289030075073e-02
7.948394683601230383e+08 6.399625539779663086e-01 9.142322093248367310e-02
7.948395683601230383e+08 6.043106913566589355e-01 8.910074830055236816e-02
7.948396683601230383e+08 6.720687150955200195e-01 9.410844743251800537e-02
7.948397683601230383e+08 7.087017893791198730e-01 9.644209593534469604e-02
7.948398683601230383e+08 7.825202345848083496e-01 1.018754616379737854e-01
7.948399683601230383e+08 5.793838500976562500e-01 8.734539896249771118e-02
7.948400683601230383e+08 1.000561118125915527e+00 1.147722303867340088e-01
7.948401683601230383e+08 8.513159751892089844e-01 1.055927500128746033e-01
7.948402683601230383e+08 8.925890326499938965e-01 1.083040162920951843e-01
7.948403683601230383e+08 1.058340787887573242e+00 1.183260977268218994e-01
7.948404683601230383e+08 9.049815535545349121e-01 1.089469715952873230e-01
7.948405683601230383e+08 1.025370121002197266e+00 1.161003038287162781e-01
7.948406683601230383e+08 9.306848645210266113e-01 1.112809479236602783e-01
7.948407683601230383e+08 7.410097122192382812e-01 9.909240901470184326e-02
7.948408683601230383e+08 1.074453115463256836e+00 1.187014430761337280e-01
7.948409683601230383e+08 1.035517930984497070e+00 1.172904446721076965e-01
7.948410683601230383e+08 9.983570575714111328e-01 1.154616475105285645e-01
7.948411683601230383e+08 1.011398553848266602e+00 1.160553842782974243e-01
7.948412683601230383e+08 1.212166786193847656e+00 1.263771206140518188e-01
7.948413683601230383e+08 1.227170467376708984e+00 1.272906661033630371e-01
7.948414683601230383e+08 1.235873699188232422e+00 1.267979741096496582e-01
7.948415683601230383e+08 1.211783409118652344e+00 1.263876706361770630e-01
7.948416683601230383e+08 9.809779524803161621e-01 1.132735833525657654e-01
7.948417683601230383e+08 1.178423404693603516e+00 1.242167279124259949e-01
7.948418683601230383e+08 1.141860604286193848e+00 1.231673210859298706e-01
7.948419683601230383e+08 1.177726984024047852e+00 1.248779669404029846e-01
7.948420683601230383e+08 1.163725256919860840e+00 1.241087317466735840e-01
7.948421683601230383e+08 1.161378979682922363e+00 1.238555386662483215e-01
7.948422683601230383e+08 1.087572455406188965e+00 1.194307580590248108e-01
7.948423683601230383e+08 1.176736593246459961e+00 1.240389272570610046e-01
7.948424683601230383e+08 1.326221823692321777e+00 1.319640129804611206e-01
7.948425683601230383e+08 1.006708025932312012e+00 1.147250309586524963e-01
7.948426683601230383e+08 1.194736480712890625e+00 1.259754449129104614e-01
7.948427683601230383e+08 8.790033459663391113e-01 1.073873490095138550e-01
7.948428683601230383e+08 8.346235752105712891e-01 1.052077263593673706e-01
7.948429683601230383e+08 9.979431033134460449e-01 1.144719272851943970e-01
7.948430683601230383e+08 8.029186725616455078e-01 1.028032004833221436e-01
7.948431683601230383e+08 6.340498328208923340e-01 9.157500416040420532e-02
7.948432683601230383e+08 9.336556792259216309e-01 1.108513697981834412e-01
7.948433683601230383e+08 8.339427709579467773e-01 1.060387790203094482e-01
7.948434683601230383e+08 6.805837750434875488e-01 9.437999129295349121e-02
7.948435683601230383e+08 6.185927987098693848e-01 9.023103863000869751e-02
7.948436683601230383e+08 6.844215989112854004e-01 9.491219371557235718e-02
7.948437683601230383e+08 8.008137345314025879e-01 1.025336980819702148e-01
7.948438683601230383e+08 6.323609352111816406e-01 9.127343446016311646e-02
7.948439683601230383e+08 5.523034930229187012e-01 8.522228151559829712e-02
7.948440683601230383e+08 5.133607387542724609e-01 8.337781578302383423e-02
7.948441683601230383e+08 5.686198472976684570e-01 8.677405118942260742e-02
7.948442683601230383e+08 5.527582764625549316e-01 8.749743551015853882e-02
7.948443683601230383e+08 4.077337384223937988e-01 7.323113828897476196e-02
7.948444683601230383e+08 3.168072402477264404e-01 6.466800719499588013e-02
7.948445683601230383e+08 3.284372389316558838e-01 6.568744778633117676e-02
7.948446683601230383e+08 3.790252208709716797e-01 7.038322091102600098e-02
7.948447683601230383e+08 3.409761786460876465e-01 6.687093526124954224e-02
7.948448683601230383e+08 4.570842087268829346e-01 7.726132869720458984e-02
7.948449683601230383e+08 1.963056325912475586e-01 5.068589746952056885e-02
7.948450683601230383e+08 2.128449380397796631e-01 5.508647114038467407e-02
7.948451683601230383e+08 2.310969978570938110e-01 5.613403767347335815e-02
7.948452683601230383e+08 2.221588790416717529e-01 5.388144403696060181e-02
7.948453683601230383e+08 2.102770507335662842e-01 5.256926268339157104e-02
7.948454683601230383e+08 1.817894577980041504e-01 4.858527705073356628e-02
7.948455683601230383e+08 1.900961250066757202e-01 5.089037492871284485e-02
7.948456683601230383e+08 1.652474403381347656e-01 4.777906090021133423e-02
7.948457683601230383e+08 1.440468132495880127e-01 4.343174770474433899e-02
7.948458683601230383e+08 9.129902720451354980e-02 3.450778871774673462e-02
7.948459683601230383e+08 1.307170838117599487e-01 4.133636876940727234e-02
7.948460683601230383e+08 7.335516810417175293e-02 3.277409076690673828e-02
7.948461683601230383e+08 6.609556078910827637e-02 2.955883368849754333e-02
7.948462683601230383e+08 5.985476821660995483e-02 2.985081262886524200e-02
7.948463683601230383e+08 6.557394564151763916e-02 2.932555973529815674e-02
7.948464683601230383e+08 6.572589278221130371e-02 2.939351275563240051e-02
7.948465683601230383e+08 1.471918728202581406e-02 2.020251564681529999e-02
7.948466683601230383e+08 9.823226183652877808e-02 3.721839562058448792e-02
7.948467683601230383e+08 2.622163295745849609e-02 1.854149438440799713e-02
7.948468683601230383e+08 1.690026968717575073e-01 4.687291383743286133e-02
7.948469683601230383e+08 7.906499505043029785e-02 3.227814659476280212e-02
7.948470683601230383e+08 2.069587633013725281e-02 1.947835274040699005e-02
7.948471683601230383e+08 6.000688299536705017e-02 2.995442226529121399e-02
7.948472683601230383e+08 -5.696766544133424759e-03 5.696766544133424759e-03
7.948473683601230383e+08 5.293654650449752808e-02 2.646827325224876404e-02
7.948474683601230383e+08 2.647044137120246887e-02 1.871742866933345795e-02
7.948475683601230383e+08 3.369206190109252930e-02 2.353122830390930176e-02
7.948476683601230383e+08 6.585435569286346436e-02 2.945096231997013092e-02
7.948477683601230383e+08 2.787511050701141357e-02 2.418792061507701874e-02
7.948478683601230383e+08 2.045746333897113800e-02 1.935068331658840179e-02
7.948479683601230383e+08 7.885050028562545776e-02 3.219057992100715637e-02
7.948480683601230383e+08 1.313453167676925659e-02 1.313453167676925659e-02
7.948481683601230383e+08 2.045146003365516663e-02 1.938003301620483398e-02
7.948482683601230383e+08 1.763861160725355148e-03 1.537564862519502640e-02
7.948483683601230383e+08 5.952285975217819214e-02 2.978441119194030762e-02
7.948484683601230383e+08 5.301563069224357605e-02 2.650781534612178802e-02
7.948485683601230383e+08 -1.158906426280736923e-02 8.194706402719020844e-03
7.948486683601230383e+08 1.315387524664402008e-02 1.315387524664402008e-02
7.948487683601230383e+08 1.311306748539209366e-02 1.311306748539209366e-02
7.948488683601230383e+08 -5.761841777712106705e-03 5.761841777712106705e-03
7.948489683601230383e+08 2.607090212404727936e-02 1.843491196632385254e-02
7.948490683601230383e+08 -1.751868054270744324e-02 1.011441554874181747e-02
7.948491683601230383e+08 2.599305659532546997e-02 1.837986707687377930e-02
7.948492683601230383e+08 2.027767524123191833e-02 1.934787817299365997e-02
7.948493683601230383e+08 3.381843864917755127e-02 2.352864295244216919e-02
7.948494683601230383e+08 2.621429786086082458e-02 1.853630878031253815e-02
7.948495683601230383e+08 7.502940017729997635e-03 1.445523463189601898e-02
7.948496683601230383e+08 5.975434929132461548e-02 2.984249033033847809e-02
7.948497683601230383e+08 3.375842049717903137e-02 2.347842417657375336e-02
7.948498683601230383e+08 1.481548976153135300e-02 2.030304260551929474e-02
7.948499683601230383e+08 0.000000000000000000e+00 0.000000000000000000e+00
7.948500683601230383e+08 -5.719398148357868195e-03 5.719398148357868195e-03
7.948501683601230383e+08 -5.689365789294242859e-03 5.689365789294242859e-03
7.948502683601230383e+08 1.310686301440000534e-02 1.310686301440000534e-02
7.948503683601230383e+08 2.611296623945236206e-02 1.846465654671192169e-02
7.948504683601230383e+08 3.333323076367378235e-02 2.330175414681434631e-02
7.948505683601230383e+08 2.601044997572898865e-02 1.839216612279415131e-02
7.948506683601230383e+08 -5.721374880522489548e-03 5.721374880522489548e-03
7.948507683601230383e+08 1.579561387188732624e-03 1.547866407781839371e-02
7.948508683601230383e+08 -5.765099078416824341e-03 5.765099078416824341e-03
7.948509683601230383e+08 1.622674637474119663e-03 1.544060278683900833e-02
7.948510683601230383e+08 0.000000000000000000e+00 0.000000000000000000e+00
7.948511683601230383e+08 -5.762762390077114105e-03 5.762762390077114105e-03
7.948512683601230383e+08 7.505363319069147110e-03 1.440629269927740097e-02
7.948513683601230383e+08 7.393610198050737381e-03 1.433868613094091415e-02
7.948514683601230383e+08 1.326390448957681656e-02 1.326390448957681656e-02
7.948515683601230383e+08 1.307197660207748413e-02 1.307197660207748413e-02
7.948516683601230383e+08 2.609447017312049866e-02 1.845157705247402191e-02
7.948517683601230383e+08 3.358254581689834595e-02 2.343130111694335938e-02
7.948518683601230383e+08 3.350500762462615967e-02 2.338951826095581055e-02
7.948519683601230383e+08 5.217561870813369751e-02 2.608780935406684875e-02
7.948520683601230383e+08 1.301285065710544586e-02 1.301285065710544586e-02
7.948521683601230383e+08 4.679754003882408142e-02 2.690920047461986542e-02
7.948522683601230383e+08 2.633514814078807831e-02 1.862176321446895599e-02
7.948523683601230383e+08 1.320539880543947220e-02 1.320539880543947220e-02
7.948524683601230383e+08 2.034696377813816071e-02 1.940379664301872253e-02
7.948525683601230383e+08 -5.723008885979652405e-03 5.723008885979652405e-03
7.948526683601230383e+08 2.620460093021392822e-02 1.852945238351821899e-02
7.948527683601230383e+08 1.311770826578140259e-02 1.311770826578140259e-02
7.948528683601230383e+08 1.302686054259538651e-02 1.302686054259538651e-02
7.948529683601230383e+08 2.788238786160945892e-02 2.416217513382434845e-02
7.948530683601230383e+08 1.412112964317202568e-03 1.538311224430799484e-02
7.948531683601230383e+08 1.310858409851789474e-02 1.310858409851789474e-02
7.948532683601230383e+08 -5.752845667302608490e-03 5.752845667302608490e-03
7.948533683601230383e+08 2.042682468891143799e-02 1.937913708388805389e-02
7.948534683601230383e+08 0.000000000000000000e+00 0.000000000000000000e+00
7.948535683601230383e+08 3.960814327001571655e-02 2.286777272820472717e-02
7.948536683601230383e+08 -5.689562298357486725e-03 5.689562298357486725e-03
7.948537683601230383e+08 0.000000000000000000e+00 0.000000000000000000e+00
7.948538683601230383e+08 0.000000000000000000e+00 0.000000000000000000e+00
7.948539683601230383e+08 1.302987150847911835e-02 1.302987150847911835e-02
7.948540683601230383e+08 3.387890011072158813e-02 2.355945482850074768e-02
7.948541683601230383e+08 2.620156481862068176e-02 1.852730475366115570e-02
7.948542683601230383e+08 0.000000000000000000e+00 0.000000000000000000e+00
7.948543683601230383e+08 7.853414863348007202e-02 3.206143155694007874e-02
7.948544683601230383e+08 2.616525255143642426e-02 1.850162819027900696e-02
7.948545683601230383e+08 1.313244085758924484e-02 1.313244085758924484e-02
7.948546683601230383e+08 2.647479064762592316e-02 1.872050389647483826e-02
7.948547683601230383e+08 0.000000000000000000e+00 0.000000000000000000e+00
7.948548683601230383e+08 5.273272842168807983e-02 2.636636421084403992e-02
7.948549683601230383e+08 1.310081314295530319e-02 1.310081314295530319e-02
7.948550683601230383e+08 0.000000000000000000e+00 0.000000000000000000e+00
7.948551683601230383e+08 3.347081318497657776e-02 2.330167777836322784e-02
7.948552683601230383e+08 6.037791818380355835e-02 3.011306375265121460e-02
7.948553683601230383e+08 2.608510106801986694e-02 1.844495162367820740e-02
7.948554683601230383e+08 2.046000771224498749e-02 1.943624764680862427e-02
7.948555683601230383e+08 1.318627595901489258e-02 1.318627595901489258e-02
7.948556683601230383e+08 -5.700575187802314758e-03 5.700575187802314758e-03
7.948557683601230383e+08 1.310300361365079880e-02 1.310300361365079880e-02
7.948558683601230383e+08 2.613383531570434570e-02 1.847941242158412933e-02
7.948559683601230383e+08 6.553254276514053345e-02 2.930704504251480103e-02
7.948560683601230383e+08 -5.725476890802383423e-03 5.725476890802383423e-03
7.948561683601230383e+08 2.039830759167671204e-02 1.934658735990524292e-02
7.948562683601230383e+08 1.313215773552656174e-02 1.313215773552656174e-02
7.948563683601230383e+08 -5.717488471418619156e-03 5.717488471418619156e-03
7.948564683601230383e+08 3.364157676696777344e-02 2.341924235224723816e-02
7.948565683601230383e+08 2.648865059018135071e-02 1.873030513525009155e-02
7.948566683601230383e+08 1.303268503397703171e-02 1.303268503397703171e-02
7.948567683601230383e+08 2.088115736842155457e-02 1.969557069242000580e-02
7.948568683601230383e+08 1.333008706569671631e-02 1.333008706569671631e-02
7.948569683601230383e+08 1.311839092522859573e-02 1.311839092522859573e-02
7.948570683601230383e+08 1.304878387600183487e-02 1.304878387600183487e-02
7.948571683601230383e+08 0.000000000000000000e+00 0.000000000000000000e+00
7.948572683601230383e+08 1.328375376760959625e-02 1.328375376760959625e-02
7.948573683601230383e+08 2.644338458776473999e-02 1.869829744100570679e-02
7.948574683601230383e+08 3.364589437842369080e-02 2.351254597306251526e-02
7.948575683601230383e+08 -1.148481667041778564e-02 8.120992220938205719e-03
7.948576683601230383e+08 0.000000000000000000e+00 0.000000000000000000e+00
7.948577683601230383e+08 1.311206631362438202e-02 1.311206631362438202e-02
7.948578683601230383e+08 0.000000000000000000e+00 0.000000000000000000e+00
7.948579683601230383e+08 1.314464583992958069e-02 1.314464583992958069e-02
7.948580683601230383e+08 7.313216105103492737e-03 1.426420547068119049e-02
7.948581683601230383e+08 4.723731428384780884e-02 2.712628804147243500e-02
7.948582683601230383e+08 1.324902754276990891e-02 1.324902754276990891e-02
7.948583683601230383e+08 1.321651972830295563e-02 1.321651972830295563e-02
7.948584683601230383e+08 0.000000000000000000e+00 0.000000000000000000e+00
7.948585683601230383e+08 1.314468309283256531e-02 1.314468309283256531e-02
7.948586683601230383e+08 1.332199294120073318e-02 1.332199294120073318e-02
7.948587683601230383e+08 -1.142107695341110229e-02 8.075920864939689636e-03
7.948588683601230383e+08 0.000000000000000000e+00 0.000000000000000000e+00
7.948589683601230383e+08 0.000000000000000000e+00 0.000000000000000000e+00
7.948590683601230383e+08 7.300892379134893417e-03 1.425670180469751358e-02
7.948591683601230383e+08 0.000000000000000000e+00 0.000000000000000000e+00
7.948592683601230383e+08 0.000000000000000000e+00 0.000000000000000000e+00
7.948593683601230383e+08 0.000000000000000000e+00 0.000000000000000000e+00
7.948594683601230383e+08 7.325352169573307037e-03 1.428490690886974335e-02
7.948595683601230383e+08 3.991432860493659973e-02 2.304454892873764038e-02
7.948596683601230383e+08 1.763602835126221180e-03 1.545539684593677521e-02
7.948597683601230383e+08 1.338994130492210388e-02 1.338994130492210388e-02
7.948598683601230383e+08 2.053128369152545929e-02 1.947446167469024658e-02
7.948599683601230383e+08 7.440744899213314056e-03 1.437430270016193390e-02
7.948600683601230383e+08 7.223223336040973663e-03 1.429936569184064865e-02
7.948601683601230383e+08 2.636860124766826630e-02 1.864541694521903992e-02
7.948602683601230383e+08 2.057880535721778870e-02 1.954197883605957031e-02
7.948603683601230383e+08 1.458081416785717010e-02 2.015283517539501190e-02
7.948604683601230383e+08 1.327879913151264191e-02 1.327879913151264191e-02
7.948605683601230383e+08 0.000000000000000000e+00 0.000000000000000000e+00
7.948606683601230383e+08 1.624017138965427876e-03 1.537849288433790207e-02
7.948607683601230383e+08 1.488370075821876526e-02 2.038470096886157990e-02
7.948608683601230383e+08 1.304308418184518814e-02 1.304308418184518814e-02
7.948609683601230383e+08 7.351088337600231171e-03 1.428838912397623062e-02
7.948610683601230383e+08 2.628148719668388367e-02 1.858381740748882294e-02
7.948611683601230383e+08 2.613555453717708588e-02 1.848062872886657715e-02
7.948612683601230383e+08 7.398660294711589813e-03 1.431454159319400787e-02
7.948613683601230383e+08 7.317654788494110107e-03 1.437888666987419128e-02
7.948614683601230383e+08 0.000000000000000000e+00 0.000000000000000000e+00
7.948615683601230383e+08 0.000000000000000000e+00 0.000000000000000000e+00
7.948616683601230383e+08 2.601232193410396576e-02 1.839348860085010529e-02
7.948617683601230383e+08 7.275746669620275497e-03 1.423778757452964783e-02
7.948618683601230383e+08 1.644558506086468697e-03 1.549035124480724335e-02
7.948619683601230383e+08 2.611069753766059875e-02 1.846305094659328461e-02
7.948620683601230383e+08 2.625318430364131927e-02 1.856380514800548553e-02
7.948621683601230383e+08 -4.142224323004484177e-03 1.646301336586475372e-02
7.948622683601230383e+08 -5.731601733714342117e-03 5.731601733714342117e-03
7.948623683601230383e+08 1.588280894793570042e-03 1.545816008001565933e-02
7.948624683601230383e+08 2.619598619639873505e-02 1.852335967123508453e-02
7.948625683601230383e+08 7.366363890469074249e-03 1.425797864794731140e-02
7.948626683601230383e+08 7.320931181311607361e-03 1.438973564654588699e-02
7.948627683601230383e+08 0.000000000000000000e+00 0.000000000000000000e+00
7.948628683601230383e+08 0.000000000000000000e+00 0.000000000000000000e+00
7.948629683601230383e+08 1.309480145573616028e-02 1.309480145573616028e-02
7.948630683601230383e+08 2.619053237140178680e-02 1.851950399577617645e-02
7.948631683601230383e+08 0.000000000000000000e+00 0.000000000000000000e+00
7.948632683601230383e+08 2.057990804314613342e-02 1.948600262403488159e-02
7.948633683601230383e+08 -5.715987645089626312e-03 5.715987645089626312e-03
7.948634683601230383e+08 -1.135470438748598099e-02 8.028988726437091827e-03
7.948635683601230383e+08 0.000000000000000000e+00 0.000000000000000000e+00
7.948636683601230383e+08 3.935022652149200439e-02 2.271886542439460754e-02
7.948637683601230383e+08 -5.723210982978343964e-03 5.723210982978343964e-03
7.948638683601230383e+08 1.302442140877246857e-02 1.302442140877246857e-02
7.948639683601230383e+08 7.374788634479045868e-03 1.425940636545419693e-02
7.948640683601230383e+08 7.315989583730697632e-03 1.435115002095699310e-02
7.948641683601230383e+08 1.459683198481798172e-02 2.021054737269878387e-02
7.948642683601230383e+08 0.000000000000000000e+00 0.000000000000000000e+00
7.948643683601230383e+08 1.317802444100379944e-02 1.317802444100379944e-02
7.948644683601230383e+08 4.692208766937255859e-02 2.697914466261863708e-02
7.948645683601230383e+08 2.826981246471405029e-02 2.426323294639587402e-02
7.948646683601230383e+08 0.000000000000000000e+00 0.000000000000000000e+00
7.948647683601230383e+08 1.307656057178974152e-02 1.307656057178974152e-02
7.948648683601230383e+08 7.293657399713993073e-03 1.429935730993747711e-02
7.948649683601230383e+08 -5.791241768747568130e-03 5.791241768747568130e-03
7.948650683601230383e+08 0.000000000000000000e+00 0.000000000000000000e+00
7.948651683601230383e+08 1.660240232013165951e-03 1.540908403694629669e-02
7.948652683601230383e+08 1.315405871719121933e-02 1.315405871719121933e-02
7.948653683601230383e+08 1.317402254790067673e-02 1.317402254790067673e-02
7.948654683601230383e+08 1.312288455665111542e-02 1.312288455665111542e-02
7.948655683601230383e+08 7.457723375409841537e-03 1.435209345072507858e-02
7.948656683601230383e+08 1.299329102039337158e-02 1.299329102039337158e-02
7.948657683601230383e+08 2.653529681265354156e-02 1.876328885555267334e-02
7.948658683601230383e+08 1.641243696212768555e-03 1.550458744168281555e-02
7.948659683601230383e+08 -5.730406381189823151e-03 5.730406381189823151e-03
7.948660683601230383e+08 3.961020335555076599e-02 2.286896109580993652e-02
7.948661683601230383e+08 0.000000000000000000e+00 0.000000000000000000e+00
7.948662683601230383e+08 2.631901763379573822e-02 1.861035637557506561e-02
7.948663683601230383e+08 1.305017340928316116e-02 1.305017340928316116e-02
7.948664683601230383e+08 7.431995123624801636e-03 1.434601098299026489e-02
7.948665683601230383e+08 1.307510957121849060e-02 1.307510957121849060e-02
7.948666683601230383e+08 -5.807998124510049820e-03 5.807998124510049820e-03
7.948667683601230383e+08 -5.762470420449972153e-03 5.762470420449972153e-03
7.948668683601230383e+08 3.967755287885665894e-02 2.290784567594528198e-02
7.948669683601230383e+08 7.390487473458051682e-03 1.432370115071535110e-02
7.948670683601230383e+08 1.692354446277022362e-03 1.542840525507926941e-02
7.948671683601230383e+08 0.000000000000000000e+00 0.000000000000000000e+00
7.948672683601230383e+08 2.035382576286792755e-02 1.936795003712177277e-02
7.948673683601230383e+08 0.000000000000000000e+00 0.000000000000000000e+00
7.948674683601230383e+08 1.480114879086613655e-03 1.538774557411670685e-02
7.948675683601230383e+08 0.000000000000000000e+00 0.000000000000000000e+00
7.948676683601230383e+08 7.367180194705724716e-03 1.439734734594821930e-02
7.948677683601230383e+08 -5.788593087345361710e-03 5.788593087345361710e-03
7.948678683601230383e+08 1.307222619652748108e-02 1.307222619652748108e-02
7.948679683601230383e+08 0.000000000000000000e+00 0.000000000000000000e+00
7.948680683601230383e+08 7.412195205688476562e-03 1.432511210441589355e-02
7.948681683601230383e+08 2.633970044553279877e-02 1.862498000264167786e-02
7.948682683601230383e+08 0.000000000000000000e+00 0.000000000000000000e+00
7.948683683601230383e+08 -1.719169318675994873e-02 9.925629012286663055e-03
7.948684683601230383e+08 1.309799775481224060e-02 1.309799775481224060e-02
7.948685683601230383e+08 7.349819876253604889e-03 1.423569209873676300e-02
7.948686683601230383e+08 2.632824890315532684e-02 1.861688308417797089e-02
7.948687683601230383e+08 -5.716202314943075180e-03 5.716202314943075180e-03
7.948688683601230383e+08 0.000000000000000000e+00 0.000000000000000000e+00
7.948689683601230383e+08 7.366687990725040436e-03 1.434647943824529648e-02
7.948690683601230383e+08 1.337322220206260681e-02 1.337322220206260681e-02
7.948691683601230383e+08 7.381439208984375000e-03 1.428593043237924576e-02
7.948692683601230383e+08 0.000000000000000000e+00 0.000000000000000000e+00
7.948693683601230383e+08 1.481908466666936874e-02 2.018936909735202789e-02
7.948694683601230383e+08 7.400872651487588882e-03 1.430885400623083115e-02
7.948695683601230383e+08 7.350459694862365723e-03 1.425674185156822205e-02
7.948696683601230383e+08 2.617034688591957092e-02 1.850523054599761963e-02
7.948697683601230383e+08 7.558280602097511292e-03 1.446409896016120911e-02
7.948698683601230383e+08 1.324994582682847977e-02 1.324994582682847977e-02
7.948699683601230383e+08 5.268868803977966309e-02 2.634434401988983154e-02
7.948700683601230383e+08 7.263454142957925797e-03 1.426448021084070206e-02
7.948701683601230383e+08 0.000000000000000000e+00 0.000000000000000000e+00
7.948702683601230383e+08 -5.747029092162847519e-03 5.747029092162847519e-03
7.948703683601230383e+08 0.000000000000000000e+00 0.000000000000000000e+00
7.948704683601230383e+08 1.316203176975250244e-02 1.316203176975250244e-02
7.948705683601230383e+08 0.000000000000000000e+00 0.000000000000000000e+00
7.948706683601230383e+08 2.064115181565284729e-02 1.946684531867504120e-02
7.948707683601230383e+08 1.780732534825801849e-03 1.544065400958061218e-02
7.948708683601230383e+08 7.346836850047111511e-03 1.423393562436103821e-02
7.948709683601230383e+08 1.551355817355215549e-03 1.533972658216953278e-02
7.948710683601230383e+08 -5.677078850567340851e-03 5.677078850567340851e-03
7.948711683601230383e+08 7.373116444796323776e-03 1.432078331708908081e-02
7.948712683601230383e+08 7.385896518826484680e-03 1.444700639694929123e-02
7.948713683601230383e+08 2.600331604480743408e-02 1.838712207973003387e-02
7.948714683601230383e+08 7.338728290051221848e-03 1.424138341099023819e-02
7.948715683601230383e+08 2.614008449018001556e-02 1.848383061587810516e-02
7.948716683601230383e+08 1.312826294451951981e-02 1.312826294451951981e-02
7.948717683601230383e+08 3.361129388213157654e-02 2.341231144964694977e-02
7.948718683601230383e+08 7.478869985789060593e-03 1.437663380056619644e-02
7.948719683601230383e+08 -5.853928625583648682e-03 5.853928625583648682e-03
7.948720683601230383e+08 8.687375113368034363e-03 2.090318500995635986e-02
7.948721683601230383e+08 0.000000000000000000e+00 0.000000000000000000e+00
7.948722683601230383e+08 1.323508284986019135e-02 1.323508284986019135e-02
7.948723683601230383e+08 1.628101570531725883e-03 1.540318969637155533e-02
7.948724683601230383e+08 2.614060975611209869e-02 1.848420314490795135e-02
7.948725683601230383e+08 7.310707122087478638e-03 1.425820495933294296e-02
7.948726683601230383e+08 -1.150026638060808182e-02 8.131916634738445282e-03
7.948727683601230383e+08 1.585048506967723370e-03 1.533176749944686890e-02
7.948728683601230383e+08 0.000000000000000000e+00 0.000000000000000000e+00
7.948729683601230383e+08 1.323360949754714966e-02 1.323360949754714966e-02
7.948730683601230383e+08 7.410916499793529510e-03 1.433848682790994644e-02
7.948731683601230383e+08 7.410431746393442154e-03 1.437736209481954575e-02
7.948732683601230383e+08 -1.153215579688549042e-02 8.154464885592460632e-03
7.948733683601230383e+08 1.320049818605184555e-02 1.320049818605184555e-02
7.948734683601230383e+08 7.303579710423946381e-03 1.428004447370767593e-02
7.948735683601230383e+08 -5.771941039711236954e-03 5.771941039711236954e-03
7.948736683601230383e+08 1.310625392943620682e-02 1.310625392943620682e-02
7.948737683601230383e+08 4.648851603269577026e-02 2.675416506826877594e-02
7.948738683601230383e+08 1.311337482184171677e-02 1.311337482184171677e-02
7.948739683601230383e+08 5.997148901224136353e-02 2.994353510439395905e-02
7.948740683601230383e+08 -5.728425458073616028e-03 5.728425458073616028e-03
7.948741683601230383e+08 0.000000000000000000e+00 0.000000000000000000e+00
7.948742683601230383e+08 0.000000000000000000e+00 0.000000000000000000e+00
7.948743683601230383e+08 3.921202570199966431e-02 2.263907529413700104e-02
7.948744683601230383e+08 1.325574610382318497e-02 1.325574610382318497e-02
7.948745683601230383e+08 2.030804008245468140e-02 1.930336840450763702e-02
7.948746683601230383e+08 2.066866122186183929e-02 1.960328035056591034e-02
7.948747683601230383e+08 7.449715398252010345e-03 1.427261065691709518e-02
7.948748683601230383e+08 2.056647650897502899e-02 1.948228850960731506e-02
7.948749683601230383e+08 1.310981996357440948e-02 1.310981996357440948e-02
7.948750683601230383e+08 2.041211724281311035e-02 1.937954500317573547e-02
7.948751683601230383e+08 2.633146382868289948e-02 1.861915551126003265e-02
7.948752683601230383e+08 0.000000000000000000e+00 0.000000000000000000e+00
7.948753683601230383e+08 -5.727097392082214355e-03 5.727097392082214355e-03
7.948754683601230383e+08 1.649227575398981571e-03 1.535504870116710663e-02
7.948755683601230383e+08 7.135114166885614395e-03 1.434515789151191711e-02
7.948756683601230383e+08 1.315252296626567841e-02 1.315252296626567841e-02
7.948757683601230383e+08 5.194282531738281250e-02 2.597141265869140625e-02
7.948758683601230383e+08 3.929448500275611877e-02 2.268668077886104584e-02
7.948759683601230383e+08 0.000000000000000000e+00 0.000000000000000000e+00
7.948760683601230383e+08 1.312906295061111450e-02 1.312906295061111450e-02
7.948761683601230383e+08 1.634294632822275162e-03 1.546220481395721436e-02
7.948762683601230383e+08 1.302672736346721649e-02 1.302672736346721649e-02
7.948763683601230383e+08 0.000000000000000000e+00 0.000000000000000000e+00
7.948764683601230383e+08 1.334964949637651443e-02 1.334964949637651443e-02
7.948765683601230383e+08 0.000000000000000000e+00 0.000000000000000000e+00
7.948766683601230383e+08 -5.734022241085767746e-03 5.734022241085767746e-03
7.948767683601230383e+08 2.626956440508365631e-02 1.857538707554340363e-02
7.948768683601230383e+08 7.323392666876316071e-03 1.423424389213323593e-02
7.948769683601230383e+08 0.000000000000000000e+00 0.000000000000000000e+00
7.948770683601230383e+08 2.759652584791183472e-02 2.399101294577121735e-02
7.948771683601230383e+08 7.378074806183576584e-03 1.432753633707761765e-02
7.948772683601230383e+08 -5.758385173976421356e-03 5.758385173976421356e-03
7.948773683601230383e+08 2.633422054350376129e-02 1.862110570073127747e-02
7.948774683601230383e+08 0.000000000000000000e+00 0.000000000000000000e+00
7.948775683601230383e+08 6.649805605411529541e-02 2.973883412778377533e-02
7.948776683601230383e+08 0.000000000000000000e+00 0.000000000000000000e+00
7.948777683601230383e+08 1.313614565879106522e-02 1.313614565879106522e-02
7.948778683601230383e+08 3.339046239852905273e-02 2.330705896019935608e-02
7.948779683601230383e+08 4.731564223766326904e-02 2.713170275092124939e-02
7.948780683601230383e+08 0.000000000000000000e+00 0.000000000000000000e+00
7.948781683601230383e+08 1.310359966009855270e-02 1.310359966009855270e-02
7.948782683601230383e+08 -1.145831774920225143e-02 8.102254010736942291e-03
7.948783683601230383e+08 0.000000000000000000e+00 0.000000000000000000e+00
7.948784683601230383e+08 2.031448110938072205e-02 1.924087107181549072e-02
7.948785683601230383e+08 0.000000000000000000e+00 0.000000000000000000e+00
7.948786683601230383e+08 -1.161357574164867401e-02 8.212038315832614899e-03
7.948787683601230383e+08 3.923495486378669739e-02 2.265231311321258545e-02
7.948788683601230383e+08 1.318524312227964401e-02 1.318524312227964401e-02
7.948789683601230383e+08 2.663684450089931488e-02 1.883509382605552673e-02
7.948790683601230383e+08 0.000000000000000000e+00 0.000000000000000000e+00
7.948791683601230383e+08 1.308822724968194962e-02 1.308822724968194962e-02
7.948792683601230383e+08 1.317488681524991989e-02 1.317488681524991989e-02
7.948793683601230383e+08 -5.709902383387088776e-03 5.709902383387088776e-03
7.948794683601230383e+08 7.308757398277521133e-03 1.427881792187690735e-02
7.948795683601230383e+08 7.450606208294630051e-03 1.438335515558719635e-02
7.948796683601230383e+08 7.236896548420190811e-03 1.426264271140098572e-02
7.948797683601230383e+08 2.601534873247146606e-02 1.839562878012657166e-02
7.948798683601230383e+08 2.619748748838901520e-02 1.852441951632499695e-02
7.948799683601230383e+08 1.305012963712215424e-02 1.305012963712215424e-02
7.948800683601230383e+08 -5.828066729009151459e-03 5.828066729009151459e-03
7.948801683601230383e+08 1.323288213461637497e-02 1.323288213461637497e-02
7.948802683601230383e+08 4.629452526569366455e-02 2.667269110679626465e-02
7.948803683601230383e+08 0.000000000000000000e+00 0.000000000000000000e+00
7.948804683601230383e+08 7.380438968539237976e-03 1.428280770778656006e-02
7.948805683601230383e+08 3.962698951363563538e-02 2.287865243852138519e-02
7.948806683601230383e+08 -1.152691990137100220e-02 8.150763809680938721e-03
7.948807683601230383e+08 1.483741030097007751e-02 2.018279954791069031e-02
7.948808683601230383e+08 1.316564250737428665e-02 1.316564250737428665e-02
7.948809683601230383e+08 -5.801160819828510284e-03 5.801160819828510284e-03
7.948810683601230383e+08 2.626447007060050964e-02 1.857178471982479095e-02
7.948811683601230383e+08 7.358205039054155350e-03 1.432736776769161224e-02
7.948812683601230383e+08 7.337268441915512085e-03 1.425349805504083633e-02
7.948813683601230383e+08 -1.138420216739177704e-02 8.049846626818180084e-03
7.948814683601230383e+08 2.083675563335418701e-02 1.958440244197845459e-02
7.948815683601230383e+08 3.026057500392198563e-03 2.170613780617713928e-02
7.948816683601230383e+08 2.056033723056316376e-02 1.943790912628173828e-02
7.948817683601230383e+08 1.311966124922037125e-02 1.311966124922037125e-02
7.948818683601230383e+08 2.630127035081386566e-02 1.859780587255954742e-02
7.948819683601230383e+08 1.518620410934090614e-03 1.537678111344575882e-02
7.948820683601230383e+08 2.046448178589344025e-02 1.939180307090282440e-02
7.948821683601230383e+08 2.625321783125400543e-02 1.856382749974727631e-02
7.948822683601230383e+08 2.028809674084186554e-02 1.924330741167068481e-02
7.948823683601230383e+08 2.598590217530727386e-02 1.837480813264846802e-02
7.948824683601230383e+08 2.055583335459232330e-02 1.950121857225894928e-02
7.948825683601230383e+08 1.640730537474155426e-03 1.542370766401290894e-02
7.948826683601230383e+08 2.086007036268711090e-02 1.965248398482799530e-02
7.948827683601230383e+08 1.321731321513652802e-02 1.321731321513652802e-02
7.948828683601230383e+08 2.777137979865074158e-02 2.422301471233367920e-02
7.948829683601230383e+08 3.361770883202552795e-02 2.346837148070335388e-02
7.948830683601230383e+08 1.310638152062892914e-02 1.310638152062892914e-02
7.948831683601230383e+08 2.036255039274692535e-02 1.937726885080337524e-02
7.948832683601230383e+08 1.312162168323993683e-02 1.312162168323993683e-02
7.948833683601230383e+08 3.345635905861854553e-02 2.340765856206417084e-02
7.948834683601230383e+08 1.314228866249322891e-02 1.314228866249322891e-02
7.948835683601230383e+08 3.326164186000823975e-02 2.322388999164104462e-02
7.948836683601230383e+08 -5.719298031181097031e-03 5.719298031181097031e-03
7.948837683601230383e+08 1.332409121096134186e-02 1.332409121096134186e-02
7.948838683601230383e+08 1.302594318985939026e-02 1.302594318985939026e-02
7.948839683601230383e+08 0.000000000000000000e+00 0.000000000000000000e+00
7.948840683601230383e+08 1.308271382004022598e-02 1.308271382004022598e-02
7.948841683601230383e+08 3.900187835097312927e-02 2.251774445176124573e-02
7.948842683601230383e+08 2.786646783351898193e-02 2.406191080808639526e-02
7.948843683601230383e+08 0.000000000000000000e+00 0.000000000000000000e+00
7.948844683601230383e+08 -5.718841217458248138e-03 5.718841217458248138e-03
7.948845683601230383e+08 -5.792683456093072891e-03 5.792683456093072891e-03
7.948846683601230383e+08 1.327946316450834274e-02 1.327946316450834274e-02
7.948847683601230383e+08 1.305752154439687729e-02 1.305752154439687729e-02
7.948848683601230383e+08 -5.803958047181367874e-03 5.803958047181367874e-03
7.948849683601230383e+08 -5.745458882302045822e-03 5.745458882302045822e-03
7.948850683601230383e+08 2.639966830611228943e-02 1.866738498210906982e-02
7.948851683601230383e+08 0.000000000000000000e+00 0.000000000000000000e+00
7.948852683601230383e+08 7.424843497574329376e-03 1.439148560166358948e-02
7.948853683601230383e+08 -1.161438226699829102e-02 8.212608285248279572e-03
7.948854683601230383e+08 0.000000000000000000e+00 0.000000000000000000e+00
7.948855683601230383e+08 2.639619447290897369e-02 1.866492815315723419e-02
7.948856683601230383e+08 1.454698666930198669e-02 2.026074752211570740e-02
7.948857683601230383e+08 0.000000000000000000e+00 0.000000000000000000e+00
7.948858683601230383e+08 -5.734372418373823166e-03 5.734372418373823166e-03
7.948859683601230383e+08 -1.140702422708272934e-02 8.065984584391117096e-03
7.948860683601230383e+08 -5.735585000365972519e-03 5.735585000365972519e-03
7.948861683601230383e+08 -5.738927051424980164e-03 5.738927051424980164e-03
7.948862683601230383e+08 0.000000000000000000e+00 0.000000000000000000e+00
7.948863683601230383e+08 2.042981237173080444e-02 1.933388225734233856e-02
7.948864683601230383e+08 7.485246285796165466e-03 1.434195879846811295e-02
7.948865683601230383e+08 1.747644622810184956e-03 1.550766080617904663e-02
7.948866683601230383e+08 0.000000000000000000e+00 0.000000000000000000e+00
7.948867683601230383e+08 6.509272009134292603e-02 2.911034785211086273e-02
7.948868683601230383e+08 2.044538222253322601e-02 1.937289535999298096e-02
7.948869683601230383e+08 0.000000000000000000e+00 0.000000000000000000e+00
7.948870683601230383e+08 1.610167208127677441e-03 1.545366458594799042e-02
7.948871683601230383e+08 3.396551683545112610e-02 2.362811192870140076e-02
7.948872683601230383e+08 6.614353507757186890e-02 2.958028949797153473e-02
7.948873683601230383e+08 0.000000000000000000e+00 0.000000000000000000e+00
7.948874683601230383e+08 3.931532800197601318e-02 2.269871532917022705e-02
7.948875683601230383e+08 3.335107862949371338e-02 2.332278713583946228e-02
7.948876683601230383e+08 0.000000000000000000e+00 0.000000000000000000e+00
7.948877683601230383e+08 0.000000000000000000e+00 0.000000000000000000e+00
7.948878683601230383e+08 0.000000000000000000e+00 0.000000000000000000e+00
7.948879683601230383e+08 1.307380385696887970e-02 1.307380385696887970e-02
7.948880683601230383e+08 2.609450928866863251e-02 1.845160499215126038e-02
7.948881683601230383e+08 -1.147657539695501328e-02 8.115164004266262054e-03
7.948882683601230383e+08 -1.147303450852632523e-02 8.112660609185695648e-03
7.948883683601230383e+08 7.261112332344055176e-03 1.424699369817972183e-02
7.948884683601230383e+08 2.045409753918647766e-02 1.941990852355957031e-02
7.948885683601230383e+08 2.761184237897396088e-02 2.394990064203739166e-02
7.948886683601230383e+08 7.272468414157629013e-03 1.425054762512445450e-02
7.948887683601230383e+08 -4.116882104426622391e-03 1.653307117521762848e-02
7.948888683601230383e+08 0.000000000000000000e+00 0.000000000000000000e+00
7.948889683601230383e+08 0.000000000000000000e+00 0.000000000000000000e+00
7.948890683601230383e+08 3.929369151592254639e-02 2.268622443079948425e-02
7.948891683601230383e+08 0.000000000000000000e+00 0.000000000000000000e+00
7.948892683601230383e+08 2.785583026707172394e-02 2.416438236832618713e-02
7.948893683601230383e+08 1.305227074772119522e-02 1.305227074772119522e-02
7.948894683601230383e+08 2.772330678999423981e-02 2.417131327092647552e-02
7.948895683601230383e+08 2.623396925628185272e-02 1.855021715164184570e-02
7.948896683601230383e+08 3.921655938029289246e-02 2.264169231057167053e-02
7.948897683601230383e+08 4.665987193584442139e-02 2.680934965610504150e-02
7.948898683601230383e+08 7.407991681247949600e-03 1.436513010412454605e-02
7.948899683601230383e+08 1.302439905703067780e-02 1.302439905703067780e-02
7.948900683601230383e+08 1.301245111972093582e-02 1.301245111972093582e-02
7.948901683601230383e+08 3.929322212934494019e-02 2.268595248460769653e-02
7.948902683601230383e+08 1.702731102705001831e-01 4.722526296973228455e-02
7.948903683601230383e+08 3.376457095146179199e-02 2.351619675755500793e-02
7.948904683601230383e+08 1.017443686723709106e-01 3.846473246812820435e-02
7.948905683601230383e+08 1.106792539358139038e-01 3.913102671504020691e-02
7.948906683601230383e+08 6.689494103193283081e-02 3.311171755194664001e-02
7.948907683601230383e+08 1.261538863182067871e-01 4.210025072097778320e-02
7.948908683601230383e+08 9.334906935691833496e-02 3.789984807372093201e-02
7.948909683601230383e+08 1.387672722339630127e-01 4.393388703465461731e-02
7.948910683601230383e+08 1.916067004203796387e-01 5.128164216876029968e-02
7.948911683601230383e+08 1.327371895313262939e-01 4.197518527507781982e-02
7.948912683601230383e+08 2.728209197521209717e-01 5.953440815210342407e-02
7.948913683601230383e+08 3.072742521762847900e-01 6.420484930276870728e-02
7.948914683601230383e+08 2.874469161033630371e-01 6.128389015793800354e-02
7.948915683601230383e+08 3.585128784179687500e-01 6.906987726688385010e-02
7.948916683601230383e+08 2.890020906925201416e-01 6.318231672048568726e-02
7.948917683601230383e+08 3.393399417400360107e-01 6.655003875494003296e-02
7.948918683601230383e+08 4.455910325050354004e-01 7.641822844743728638e-02
7.948919683601230383e+08 4.639893472194671631e-01 7.965134829282760620e-02
7.948920683601230383e+08 3.854950368404388428e-01 7.164691388607025146e-02
7.948921683601230383e+08 3.755536675453186035e-01 7.234667986631393433e-02
7.948922683601230383e+08 6.558848023414611816e-01 9.275611490011215210e-02
7.948923683601230383e+08 6.200084686279296875e-01 9.043753147125244141e-02
7.948924683601230383e+08 6.256310939788818359e-01 9.030207246541976929e-02
7.948925683601230383e+08 6.946637630462646484e-01 9.541940689086914062e-02
7.948926683601230383e+08 5.965199470520019531e-01 9.000544250011444092e-02
7.948927683601230383e+08 7.581448554992675781e-01 1.004874482750892639e-01
7.948928683601230383e+08 9.079152941703796387e-01 1.093511134386062622e-01
7.948929683601230383e+08 9.999216198921203613e-01 1.147431060671806335e-01
7.948930683601230383e+08 8.036070466041564941e-01 1.029459238052368164e-01
7.948931683601230383e+08 6.453591585159301758e-01 9.219416230916976929e-02
7.948932683601230383e+08 9.695872068405151367e-01 1.135318577289581299e-01
7.948933683601230383e+08 6.461206674575805664e-01 9.230295568704605103e-02
7.948934683601230383e+08 9.826810956001281738e-01 1.134702414274215698e-01
7.948935683601230383e+08 8.093811273574829102e-01 1.036878302693367004e-01
7.948936683601230383e+08 8.595162034034729004e-01 1.066098660230636597e-01
7.948937683601230383e+08 7.313393950462341309e-01 9.861378371715545654e-02
7.948938683601230383e+08 5.889894366264343262e-01 8.780135959386825562e-02
7.948939683601230383e+08 7.486592531204223633e-01 9.916234016418457031e-02
7.948940683601230383e+08 8.179462552070617676e-01 1.039384603500366211e-01
7.948941683601230383e+08 8.906292319297790527e-01 1.089033856987953186e-01
7.948942683601230383e+08 8.233248591423034668e-01 1.037291884422302246e-01
7.948943683601230383e+08 7.127416133880615234e-01 9.705447405576705933e-02
7.948944683601230383e+08 7.668321728706359863e-01 1.007408797740936279e-01
7.948945683601230383e+08 9.627838730812072754e-01 1.127352491021156311e-01
7.948946683601230383e+08 8.380084633827209473e-01 1.047510579228401184e-01
7.948947683601230383e+08 1.126671195030212402e+00 1.214920803904533386e-01
7.948948683601230383e+08 7.382555603981018066e-01 9.865354746580123901e-02
7.948949683601230383e+08 7.852109670639038086e-01 1.023226752877235413e-01
7.948950683601230383e+08 7.830786108970642090e-01 1.010950133204460144e-01
7.948951683601230383e+08 9.387404918670654297e-01 1.106316298246383667e-01
7.948952683601230383e+08 6.729902625083923340e-01 9.520618617534637451e-02
7.948953683601230383e+08 8.574022054672241211e-01 1.063476502895355225e-01
7.948954683601230383e+08 7.037798166275024414e-01 9.577230364084243774e-02
7.948955683601230383e+08 9.365100860595703125e-01 1.111998558044433594e-01
7.948956683601230383e+08 5.967244505882263184e-01 8.901593089103698730e-02
7.948957683601230383e+08 5.936437845230102539e-01 8.849518746137619019e-02
7.948958683601230383e+08 7.305381894111633301e-01 9.762227535247802734e-02
7.948959683601230383e+08 6.885539293289184570e-01 9.555707126855850220e-02
7.948960683601230383e+08 8.602861166000366211e-01 1.058938950300216675e-01
7.948961683601230383e+08 6.174868345260620117e-01 9.104346483945846558e-02
7.948962683601230383e+08 9.085228443145751953e-01 1.093733012676239014e-01
7.948963683601230383e+08 6.722177267074584961e-01 9.412930905818939209e-02
7.948964683601230383e+08 6.314502358436584473e-01 9.114199131727218628e-02
7.948965683601230383e+08 5.277259945869445801e-01 8.344080299139022827e-02
7.948966683601230383e+08 5.212538838386535645e-01 8.360919356346130371e-02
7.948967683601230383e+08 4.073087573051452637e-01 7.315480709075927734e-02
7.948968683601230383e+08 4.449797868728637695e-01 7.631340622901916504e-02
7.948969683601230383e+08 5.396855473518371582e-01 8.428472280502319336e-02
7.948970683601230383e+08 5.125493407249450684e-01 8.207357674837112427e-02
7.948971683601230383e+08 4.172558188438415527e-01 7.376110553741455078e-02
7.948972683601230383e+08 4.527201354503631592e-01 7.770166546106338501e-02
7.948973683601230383e+08 5.405401587486267090e-01 8.441819250583648682e-02
7.948974683601230383e+08 4.097023010253906250e-01 7.489053159952163696e-02
7.948975683601230383e+08 3.563184440135955811e-01 6.857351958751678467e-02
7.948976683601230383e+08 4.180536866188049316e-01 7.390215247869491577e-02
7.948977683601230383e+08 3.720783293247222900e-01 7.168403267860412598e-02
7.948978683601230383e+08 2.883279621601104736e-01 6.147172674536705017e-02
7.948979683601230383e+08 2.693168818950653076e-01 6.029505655169487000e-02
7.948980683601230383e+08 2.637654542922973633e-01 6.056477129459381104e-02
7.948981683601230383e+08 2.765063643455505371e-01 6.192621588706970215e-02
7.948982683601230383e+08 2.491057217121124268e-01 5.714877322316169739e-02
7.948983683601230383e+08 1.723811030387878418e-01 4.985776916146278381e-02
7.948984683601230383e+08 2.041322588920593262e-01 5.279451981186866760e-02
7.948985683601230383e+08 2.693571746349334717e-01 6.029185280203819275e-02
7.948986683601230383e+08 1.050247475504875183e-01 3.713185712695121765e-02
7.948987683601230383e+08 1.718574762344360352e-01 4.968287050724029541e-02
7.948988683601230383e+08 1.506675183773040771e-01 4.550878331065177917e-02
7.948989683601230383e+08 1.441962271928787231e-01 4.347679764032363892e-02
7.948990683601230383e+08 1.580060273408889771e-01 4.561240971088409424e-02
7.948991683601230383e+08 1.120653003454208374e-01 3.971835970878601074e-02
7.948992683601230383e+08 4.642270877957344055e-02 2.668664231896400452e-02
7.948993683601230383e+08 1.006029546260833740e-01 3.804500028491020203e-02
7.948994683601230383e+08 1.451127976179122925e-01 4.375315457582473755e-02
7.948995683601230383e+08 3.361085802316665649e-02 2.342792227864265442e-02
7.948996683601230383e+08 6.511818617582321167e-02 2.912173792719841003e-02
7.948997683601230383e+08 6.770130246877670288e-02 3.328349813818931580e-02
7.948998683601230383e+08 1.055970117449760437e-01 3.733418136835098267e-02
7.948999683601230383e+08 7.793664187192916870e-02 3.181749954819679260e-02
7.949000683601230383e+08 5.274356901645660400e-02 2.637178450822830200e-02
7.949001683601230383e+08 2.626452036201953888e-02 1.857182011008262634e-02
7.949002683601230383e+08 5.255906283855438232e-02 2.627953141927719116e-02
7.949003683601230383e+08 3.918073326349258423e-02 2.262100577354431152e-02
7.949004683601230383e+08 5.943508446216583252e-02 2.967139706015586853e-02
7.949005683601230383e+08 2.035796269774436951e-02 1.931991986930370331e-02
7.949006683601230383e+08 3.524653986096382141e-02 2.813458628952503204e-02
7.949007683601230383e+08 7.379504386335611343e-03 1.428884919732809067e-02
7.949008683601230383e+08 2.763312682509422302e-02 2.396775409579277039e-02
7.949009683601230383e+08 8.865624666213989258e-03 2.093112654983997345e-02
7.949010683601230383e+08 2.034879662096500397e-02 1.932356879115104675e-02
7.949011683601230383e+08 1.721040578559041023e-03 1.537760440260171890e-02
7.949012683601230383e+08 1.310770213603973389e-02 1.310770213603973389e-02
7.949013683601230383e+08 1.302845217287540436e-02 1.302845217287540436e-02
7.949014683601230383e+08 2.603232301771640778e-02 1.840763166546821594e-02
7.949015683601230383e+08 1.361576374620199203e-02 1.361576374620199203e-02
7.949016683601230383e+08 3.925340622663497925e-02 2.266296371817588806e-02
7.949017683601230383e+08 1.544018741697072983e-02 2.131221257150173187e-02
7.949018683601230383e+08 0.000000000000000000e+00 0.000000000000000000e+00
7.949019683601230383e+08 2.797670476138591766e-02 2.423676662147045135e-02
7.949020683601230383e+08 -2.168454043567180634e-02 1.960610598325729370e-02
7.949021683601230383e+08 0.000000000000000000e+00 0.000000000000000000e+00
7.949022683601230383e+08 2.047269605100154877e-02 1.944799907505512238e-02
7.949023683601230383e+08 2.026582136750221252e-02 1.928693614900112152e-02
7.949024683601230383e+08 2.620417624711990356e-02 1.852915063500404358e-02
7.949025683601230383e+08 8.796283043920993805e-03 2.086846902966499329e-02
7.949027683601230383e+08 1.583017874509096146e-03 1.546528190374374390e-02
7.949028683601230383e+08 2.629131451249122620e-02 1.859076693654060364e-02
7.949029683601230383e+08 7.176491431891918182e-03 1.422994863241910934e-02
7.949030683601230383e+08 -5.710609257221221924e-03 5.710609257221221924e-03
7.949031683601230383e+08 3.916683048009872437e-02 2.261297963559627533e-02
7.949032683601230383e+08 1.582102384418249130e-03 1.536458451300859451e-02
7.949033683601230383e+08 1.431398559361696243e-02 2.016122825443744659e-02
7.949034683601230383e+08 2.176557481288909912e-02 2.469621784985065460e-02
7.949035683601230383e+08 2.047902345657348633e-02 1.937491074204444885e-02
7.949036683601230383e+08 1.504418440163135529e-03 1.554814260452985764e-02
7.949037683601230383e+08 2.997897379100322723e-02 2.870931848883628845e-02
7.949038683601230383e+08 4.693996533751487732e-02 2.693570591509342194e-02
7.949039683601230383e+08 5.209827795624732971e-02 2.604913897812366486e-02
7.949040683601230383e+08 2.786097675561904907e-02 2.419482916593551636e-02
7.949041683601230383e+08 2.029440365731716156e-02 1.931119151413440704e-02
7.949042683601230383e+08 2.077390439808368683e-02 1.965958997607231140e-02
7.949043683601230383e+08 nan nan
7.949044683601230383e+08 0.000000000000000000e+00 0.000000000000000000e+00
7.949045683601230383e+08 1.635766006074845791e-03 1.531377900391817093e-02
7.949046683601230383e+08 -2.411060500890016556e-03 2.244441770017147064e-02
7.949047683601230383e+08 2.075228467583656311e-02 1.960799470543861389e-02
7.949050683601230383e+08 -4.006915260106325150e-03 1.635732874274253845e-02
7.949051683601230383e+08 3.364637121558189392e-02 2.341468818485736847e-02
7.949052683601230383e+08 1.304748468101024628e-02 1.304748468101024628e-02
7.949053683601230383e+08 -5.726980976760387421e-03 5.726980976760387421e-03
7.949054683601230383e+08 2.036393247544765472e-02 1.932402513921260834e-02
7.949055683601230383e+08 2.048378437757492065e-02 1.940539292991161346e-02
7.949056683601230383e+08 2.605207264423370361e-02 1.842159777879714966e-02
7.949057683601230383e+08 7.298756390810012817e-03 1.428577210754156113e-02
7.949058683601230383e+08 0.000000000000000000e+00 0.000000000000000000e+00
7.949059683601230383e+08 1.825521467253565788e-03 1.557110715657472610e-02
7.949060683601230383e+08 2.624071203172206879e-02 1.855498552322387695e-02
7.949061683601230383e+08 2.065869793295860291e-02 1.947524771094322205e-02
7.949062683601230383e+08 2.665707841515541077e-02 1.884940080344676971e-02
7.949063683601230383e+08 5.232533812522888184e-02 2.616266906261444092e-02
7.949064683601230383e+08 1.303310412913560867e-02 1.303310412913560867e-02
7.949065683601230383e+08 0.000000000000000000e+00 0.000000000000000000e+00
7.949066683601230383e+08 1.622047740966081619e-03 1.548488065600395203e-02
7.949067683601230383e+08 2.621439658105373383e-02 1.853637769818305969e-02
7.949068683601230383e+08 2.608825825154781342e-02 1.844718307256698608e-02
7.949069683601230383e+08 0.000000000000000000e+00 0.000000000000000000e+00
7.949070683601230383e+08 1.314705330878496170e-02 1.314705330878496170e-02
7.949071683601230383e+08 2.626981213688850403e-02 1.857556216418743134e-02
7.949072683601230383e+08 7.686372380703687668e-03 1.455154921859502792e-02
7.949073683601230383e+08 2.034368738532066345e-02 1.934636756777763367e-02
7.949074683601230383e+08 3.369592502713203430e-02 2.356671541929244995e-02
7.949075683601230383e+08 -1.144928298890590668e-02 8.095865137875080109e-03
7.949076683601230383e+08 0.000000000000000000e+00 0.000000000000000000e+00
7.949077683601230383e+08 1.304767932742834091e-02 1.304767932742834091e-02
7.949078683601230383e+08 -5.851630121469497681e-03 5.851630121469497681e-03
7.949079683601230383e+08 1.305874250829219818e-02 1.305874250829219818e-02
7.949080683601230383e+08 1.643736031837761402e-03 1.551408600062131882e-02
7.949081683601230383e+08 2.030982822179794312e-02 1.930442079901695251e-02
7.949082683601230383e+08 7.465163711458444595e-03 1.435201149433851242e-02
7.949083683601230383e+08 7.349434774369001389e-03 1.424926239997148514e-02
7.949084683601230383e+08 2.043376117944717407e-02 1.942905783653259277e-02
7.949085683601230383e+08 3.381055593490600586e-02 2.352025359869003296e-02
7.949086683601230383e+08 2.050208672881126404e-02 1.944476924836635590e-02
7.949087683601230383e+08 1.300399098545312881e-02 1.300399098545312881e-02
7.949088683601230383e+08 3.962473571300506592e-02 2.287735231220722198e-02
7.949089683601230383e+08 2.625678665935993195e-02 1.856635138392448425e-02
7.949090683601230383e+08 3.462416306138038635e-02 2.411664277315139771e-02
